X	Y
0.000000	-0.037277
0.000991	-0.037083
0.001982	-0.037159
0.002973	-0.037160
0.003963	-0.037135
0.004954	-0.037055
0.005945	-0.036960
0.006936	-0.036924
0.007927	-0.036881
0.008918	-0.036828
0.009909	-0.036835
0.010899	-0.036903
0.011890	-0.036933
0.012881	-0.037014
0.013872	-0.037246
0.014863	-0.037456
0.015854	-0.037498
0.016845	-0.037498
0.017835	-0.037406
0.018826	-0.037260
0.019817	-0.037177
0.020808	-0.037135
0.021799	-0.037037
0.022790	-0.037093
0.023781	-0.037150
0.024771	-0.037136
0.025762	-0.037104
0.026753	-0.037111
0.027744	-0.037061
0.028735	-0.036913
0.029726	-0.036676
0.030717	-0.036451
0.031707	-0.036302
0.032698	-0.036292
0.033689	-0.036256
0.034680	-0.036023
0.035671	-0.035783
0.036662	-0.035738
0.037653	-0.035793
0.038643	-0.035778
0.039634	-0.035782
0.040625	-0.035962
0.041616	-0.036121
0.042607	-0.036130
0.043598	-0.036080
0.044589	-0.036089
0.045579	-0.036130
0.046570	-0.036159
0.047561	-0.036105
0.048552	-0.036061
0.049543	-0.036095
0.050534	-0.036304
0.051525	-0.036636
0.052515	-0.036908
0.053506	-0.036879
0.054497	-0.036679
0.055488	-0.036460
0.056479	-0.036317
0.057470	-0.036226
0.058461	-0.036257
0.059451	-0.036317
0.060442	-0.036290
0.061433	-0.036157
0.062424	-0.036062
0.063415	-0.036121
0.064406	-0.036293
0.065397	-0.036439
0.066387	-0.036554
0.067378	-0.036598
0.068369	-0.036556
0.069360	-0.036411
0.070351	-0.036305
0.071342	-0.036239
0.072333	-0.036220
0.073323	-0.036211
0.074314	-0.036166
0.075305	-0.036198
0.076296	-0.036238
0.077287	-0.036223
0.078278	-0.036371
0.079269	-0.036564
0.080259	-0.036672
0.081250	-0.036650
0.082241	-0.036580
0.083232	-0.036573
0.084223	-0.036551
0.085214	-0.036344
0.086205	-0.036038
0.087195	-0.035846
0.088186	-0.035747
0.089177	-0.035605
0.090168	-0.035524
0.091159	-0.035642
0.092150	-0.035933
0.093140	-0.036111
0.094131	-0.036102
0.095122	-0.036069
0.096113	-0.036052
0.097104	-0.036037
0.098095	-0.036117
0.099086	-0.036259
0.100076	-0.036356
0.101067	-0.036466
0.102058	-0.036644
0.103049	-0.036658
0.104040	-0.036623
0.105031	-0.036697
0.106022	-0.036891
0.107012	-0.037021
0.108003	-0.037006
0.108994	-0.036899
0.109985	-0.036767
0.110976	-0.036621
0.111967	-0.036583
0.112958	-0.036510
0.113948	-0.036335
0.114939	-0.036124
0.115930	-0.036000
0.116921	-0.035971
0.117912	-0.036052
0.118903	-0.036247
0.119894	-0.036591
0.120884	-0.036901
0.121875	-0.036885
0.122866	-0.036592
0.123857	-0.036326
0.124848	-0.036163
0.125839	-0.036117
0.126830	-0.036166
0.127820	-0.036293
0.128811	-0.036383
0.129802	-0.036455
0.130793	-0.036522
0.131784	-0.036628
0.132775	-0.036717
0.133766	-0.036763
0.134756	-0.036770
0.135747	-0.036798
0.136738	-0.036845
0.137729	-0.036900
0.138720	-0.036958
0.139711	-0.036945
0.140702	-0.036839
0.141692	-0.036768
0.142683	-0.036788
0.143674	-0.036901
0.144665	-0.036984
0.145656	-0.036921
0.146647	-0.036786
0.147638	-0.036708
0.148628	-0.036722
0.149619	-0.036777
0.150610	-0.036727
0.151601	-0.036609
0.152592	-0.036597
0.153583	-0.036729
0.154574	-0.036826
0.155564	-0.036868
0.156555	-0.036873
0.157546	-0.036800
0.158537	-0.036710
0.159528	-0.036703
0.160519	-0.036716
0.161510	-0.036626
0.162500	-0.036432
0.163491	-0.036270
0.164482	-0.036221
0.165473	-0.036258
0.166464	-0.036229
0.167455	-0.036076
0.168446	-0.035960
0.169436	-0.036037
0.170427	-0.036146
0.171418	-0.036243
0.172409	-0.036339
0.173400	-0.036440
0.174391	-0.036515
0.175382	-0.036484
0.176372	-0.036286
0.177363	-0.036109
0.178354	-0.036058
0.179345	-0.036121
0.180336	-0.036233
0.181327	-0.036280
0.182318	-0.036234
0.183308	-0.036228
0.184299	-0.036284
0.185290	-0.036376
0.186281	-0.036454
0.187272	-0.036508
0.188263	-0.036520
0.189254	-0.036474
0.190244	-0.036451
0.191235	-0.036524
0.192226	-0.036594
0.193217	-0.036635
0.194208	-0.036666
0.195199	-0.036653
0.196190	-0.036593
0.197180	-0.036544
0.198171	-0.036566
0.199162	-0.036709
0.200153	-0.036758
0.201144	-0.036596
0.202135	-0.036431
0.203126	-0.036364
0.204116	-0.036426
0.205107	-0.036656
0.206098	-0.036881
0.207089	-0.036987
0.208080	-0.036975
0.209071	-0.036883
0.210062	-0.036789
0.211052	-0.036778
0.212043	-0.036884
0.213034	-0.036985
0.214025	-0.036933
0.215016	-0.036790
0.216007	-0.036664
0.216998	-0.036590
0.217988	-0.036543
0.218979	-0.036530
0.219970	-0.036634
0.220961	-0.036828
0.221952	-0.036945
0.222943	-0.036956
0.223934	-0.036954
0.224924	-0.036930
0.225915	-0.036864
0.226906	-0.036803
0.227897	-0.036728
0.228888	-0.036617
0.229879	-0.036578
0.230870	-0.036698
0.231860	-0.036862
0.232851	-0.036916
0.233842	-0.036889
0.234833	-0.036911
0.235824	-0.037070
0.236815	-0.037263
0.237806	-0.037401
0.238796	-0.037424
0.239787	-0.037306
0.240778	-0.037120
0.241769	-0.036915
0.242760	-0.036749
0.243751	-0.036660
0.244742	-0.036602
0.245732	-0.036571
0.246723	-0.036580
0.247714	-0.036581
0.248705	-0.036545
0.249696	-0.036491
0.250687	-0.036473
0.251678	-0.036549
0.252668	-0.036696
0.253659	-0.036871
0.254650	-0.036918
0.255641	-0.036791
0.256632	-0.036655
0.257623	-0.036575
0.258614	-0.036517
0.259604	-0.036438
0.260595	-0.036328
0.261586	-0.036261
0.262577	-0.036271
0.263568	-0.036290
0.264559	-0.036242
0.265550	-0.036211
0.266540	-0.036237
0.267531	-0.036253
0.268522	-0.036262
0.269513	-0.036267
0.270504	-0.036262
0.271495	-0.036289
0.272485	-0.036361
0.273476	-0.036455
0.274467	-0.036501
0.275458	-0.036442
0.276449	-0.036365
0.277440	-0.036338
0.278431	-0.036310
0.279421	-0.036254
0.280412	-0.036181
0.281403	-0.036155
0.282394	-0.036183
0.283385	-0.036259
0.284376	-0.036367
0.285367	-0.036445
0.286357	-0.036397
0.287348	-0.036255
0.288339	-0.036114
0.289330	-0.036056
0.290321	-0.036064
0.291312	-0.036052
0.292303	-0.035995
0.293293	-0.035983
0.294284	-0.036008
0.295275	-0.036023
0.296266	-0.036024
0.297257	-0.036017
0.298248	-0.036034
0.299239	-0.036143
0.300229	-0.036296
0.301220	-0.036383
0.302211	-0.036392
0.303202	-0.036356
0.304193	-0.036335
0.305184	-0.036516
0.306175	-0.036799
0.307165	-0.036939
0.308156	-0.036998
0.309147	-0.037035
0.310138	-0.037059
0.311129	-0.037042
0.312120	-0.036956
0.313111	-0.036948
0.314101	-0.036961
0.315092	-0.036972
0.316083	-0.037002
0.317074	-0.036969
0.318065	-0.036779
0.319056	-0.036522
0.320047	-0.036324
0.321037	-0.036239
0.322028	-0.036237
0.323019	-0.036304
0.324010	-0.036345
0.325001	-0.036335
0.325992	-0.036266
0.326983	-0.036173
0.327973	-0.036113
0.328964	-0.036124
0.329955	-0.036178
0.330946	-0.036295
0.331937	-0.036349
0.332928	-0.036255
0.333919	-0.036112
0.334909	-0.035966
0.335900	-0.035902
0.336891	-0.036012
0.337882	-0.036249
0.338873	-0.036427
0.339864	-0.036388
0.340855	-0.036269
0.341845	-0.036242
0.342836	-0.036373
0.343827	-0.036498
0.344818	-0.036527
0.345809	-0.036447
0.346800	-0.036278
0.347791	-0.036102
0.348781	-0.035948
0.349772	-0.035777
0.350763	-0.035670
0.351754	-0.035658
0.352745	-0.035730
0.353736	-0.035788
0.354727	-0.035786
0.355717	-0.035793
0.356708	-0.035891
0.357699	-0.035993
0.358690	-0.035999
0.359681	-0.035907
0.360672	-0.035848
0.361663	-0.035888
0.362653	-0.035996
0.363644	-0.036012
0.364635	-0.035910
0.365626	-0.035791
0.366617	-0.035687
0.367608	-0.035571
0.368599	-0.035503
0.369589	-0.035497
0.370580	-0.035522
0.371571	-0.035463
0.372562	-0.035399
0.373553	-0.035447
0.374544	-0.035578
0.375535	-0.035622
0.376525	-0.035541
0.377516	-0.035472
0.378507	-0.035487
0.379498	-0.035476
0.380489	-0.035404
0.381480	-0.035355
0.382471	-0.035489
0.383461	-0.035803
0.384452	-0.036220
0.385443	-0.036506
0.386434	-0.036575
0.387425	-0.036618
0.388416	-0.036797
0.389407	-0.037038
0.390397	-0.036928
0.391388	-0.036721
0.392379	-0.036620
0.393370	-0.036484
0.394361	-0.036418
0.395352	-0.036367
0.396343	-0.036346
0.397333	-0.036407
0.398324	-0.036471
0.399315	-0.036543
0.400306	-0.036535
0.401297	-0.036453
0.402288	-0.036341
0.403279	-0.036309
0.404269	-0.036316
0.405260	-0.036223
0.406251	-0.036058
0.407242	-0.036002
0.408233	-0.035981
0.409224	-0.035911
0.410215	-0.035835
0.411205	-0.035849
0.412196	-0.035935
0.413187	-0.036069
0.414178	-0.036101
0.415169	-0.035953
0.416160	-0.035697
0.417151	-0.035444
0.418141	-0.035239
0.419132	-0.035042
0.420123	-0.034786
0.421114	-0.034500
0.422105	-0.034190
0.423096	-0.033861
0.424087	-0.033469
0.425077	-0.032999
0.426068	-0.032548
0.427059	-0.032227
0.428050	-0.031941
0.429041	-0.031509
0.430032	-0.031006
0.431023	-0.030557
0.432013	-0.030157
0.433004	-0.029864
0.433995	-0.029624
0.434986	-0.029306
0.435977	-0.028899
0.436968	-0.028515
0.437959	-0.028189
0.438949	-0.027871
0.439940	-0.027555
0.440931	-0.027161
0.441922	-0.026669
0.442913	-0.026223
0.443904	-0.025900
0.444895	-0.025605
0.445885	-0.025257
0.446876	-0.024864
0.447867	-0.024489
0.448858	-0.024162
0.449849	-0.023804
0.450840	-0.023400
0.451830	-0.023030
0.452821	-0.022790
0.453812	-0.022595
0.454803	-0.022337
0.455794	-0.021977
0.456785	-0.021512
0.457776	-0.020986
0.458766	-0.020513
0.459757	-0.020147
0.460748	-0.019834
0.461739	-0.019533
0.462730	-0.019233
0.463721	-0.018872
0.464712	-0.018493
0.465702	-0.018182
0.466693	-0.017859
0.467684	-0.017522
0.468675	-0.017152
0.469666	-0.016757
0.470657	-0.016362
0.471648	-0.015970
0.472638	-0.015565
0.473629	-0.015198
0.474620	-0.014849
0.475611	-0.014386
0.476602	-0.013830
0.477593	-0.013375
0.478584	-0.013061
0.479574	-0.012735
0.480565	-0.012385
0.481556	-0.012118
0.482547	-0.011932
0.483538	-0.011621
0.484529	-0.011144
0.485520	-0.010684
0.486510	-0.010322
0.487501	-0.009987
0.488492	-0.009598
0.489483	-0.009150
0.490474	-0.008708
0.491465	-0.008321
0.492456	-0.007994
0.493446	-0.007691
0.494437	-0.007320
0.495428	-0.006912
0.496419	-0.006525
0.497410	-0.006129
0.498401	-0.005728
0.499392	-0.005435
0.500382	-0.005279
0.501373	-0.005179
0.502364	-0.004987
0.503355	-0.004629
0.504346	-0.004162
0.505337	-0.003642
0.506328	-0.003095
0.507318	-0.002628
0.508309	-0.002325
0.509300	-0.002154
0.510291	-0.002025
0.511282	-0.001771
0.512273	-0.001331
0.513264	-0.000834
0.514254	-0.000436
0.515245	-0.000145
0.516236	0.000147
0.517227	0.000529
0.518218	0.000897
0.519209	0.001187
0.520200	0.001458
0.521190	0.001762
0.522181	0.002104
0.523172	0.002471
0.524163	0.002803
0.525154	0.003065
0.526145	0.003311
0.527136	0.003593
0.528126	0.003885
0.529117	0.004179
0.530108	0.004492
0.531099	0.004801
0.532090	0.005094
0.533081	0.005369
0.534072	0.005674
0.535062	0.006048
0.536053	0.006490
0.537044	0.006929
0.538035	0.007243
0.539026	0.007342
0.540017	0.007271
0.541008	0.007224
0.541998	0.007341
0.542989	0.007531
0.543980	0.007659
0.544971	0.007661
0.545962	0.007575
0.546953	0.007528
0.547944	0.007665
0.548934	0.007975
0.549925	0.008328
0.550916	0.008655
0.551907	0.008918
0.552898	0.009067
0.553889	0.009136
0.554880	0.009226
0.555870	0.009395
0.556861	0.009579
0.557852	0.009684
0.558843	0.009743
0.559834	0.009804
0.560825	0.009883
0.561816	0.010020
0.562806	0.010203
0.563797	0.010356
0.564788	0.010506
0.565779	0.010641
0.566770	0.010703
0.567761	0.010730
0.568752	0.010793
0.569742	0.010916
0.570733	0.011143
0.571724	0.011464
0.572715	0.011750
0.573706	0.011924
0.574697	0.012077
0.575688	0.012264
0.576678	0.012453
0.577669	0.012554
0.578660	0.012590
0.579651	0.012638
0.580642	0.012689
0.581633	0.012715
0.582624	0.012746
0.583614	0.012772
0.584605	0.012845
0.585596	0.013059
0.586587	0.013350
0.587578	0.013574
0.588569	0.013686
0.589560	0.013718
0.590550	0.013747
0.591541	0.013839
0.592532	0.013959
0.593523	0.014002
0.594514	0.013939
0.595505	0.013842
0.596496	0.013793
0.597486	0.013795
0.598477	0.013794
0.599468	0.013768
0.600459	0.013743
0.601450	0.013715
0.602441	0.013671
0.603432	0.013627
0.604422	0.013592
0.605413	0.013600
0.606404	0.013659
0.607395	0.013753
0.608386	0.013861
0.609377	0.013901
0.610368	0.013847
0.611358	0.013787
0.612349	0.013782
0.613340	0.013803
0.614331	0.013791
0.615322	0.013714
0.616313	0.013587
0.617304	0.013448
0.618294	0.013332
0.619285	0.013251
0.620276	0.013239
0.621267	0.013328
0.622258	0.013446
0.623249	0.013485
0.624240	0.013394
0.625230	0.013217
0.626221	0.013120
0.627212	0.013164
0.628203	0.013249
0.629194	0.013338
0.630185	0.013442
0.631176	0.013533
0.632166	0.013592
0.633157	0.013639
0.634148	0.013684
0.635139	0.013651
0.636130	0.013494
0.637121	0.013303
0.638111	0.013198
0.639102	0.013167
0.640093	0.013149
0.641084	0.013124
0.642075	0.013084
0.643066	0.013025
0.644057	0.013011
0.645047	0.013055
0.646038	0.013102
0.647029	0.013123
0.648020	0.013169
0.649011	0.013243
0.650002	0.013300
0.650993	0.013339
0.651983	0.013406
0.652974	0.013465
0.653965	0.013486
0.654956	0.013510
0.655947	0.013528
0.656938	0.013522
0.657929	0.013483
0.658919	0.013393
0.659910	0.013321
0.660901	0.013357
0.661892	0.013552
0.662883	0.013873
0.663874	0.014181
0.664865	0.014407
0.665855	0.014583
0.666846	0.014726
0.667837	0.014863
0.668828	0.014982
0.669819	0.015045
0.670810	0.015021
0.671801	0.014907
0.672791	0.014748
0.673782	0.014607
0.674773	0.014501
0.675764	0.014449
0.676755	0.014447
0.677746	0.014471
0.678737	0.014537
0.679727	0.014633
0.680718	0.014669
0.681709	0.014610
0.682700	0.014484
0.683691	0.014329
0.684682	0.014214
0.685673	0.014187
0.686663	0.014230
0.687654	0.014306
0.688645	0.014370
0.689636	0.014386
0.690627	0.014343
0.691618	0.014283
0.692609	0.014206
0.693599	0.014074
0.694590	0.013988
0.695581	0.014085
0.696572	0.014251
0.697563	0.014339
0.698554	0.014380
0.699545	0.014452
0.700535	0.014503
0.701526	0.014408
0.702517	0.014215
0.703508	0.014117
0.704499	0.014141
0.705490	0.014200
0.706481	0.014250
0.707471	0.014295
0.708462	0.014355
0.709453	0.014371
0.710444	0.014317
0.711435	0.014258
0.712426	0.014243
0.713417	0.014308
0.714407	0.014401
0.715398	0.014413
0.716389	0.014362
0.717380	0.014340
0.718371	0.014300
0.719362	0.014205
0.720353	0.014141
0.721343	0.014198
0.722334	0.014302
0.723325	0.014356
0.724316	0.014357
0.725307	0.014309
0.726298	0.014228
0.727289	0.014162
0.728279	0.014144
0.729270	0.014176
0.730261	0.014195
0.731252	0.014171
0.732243	0.014176
0.733234	0.014225
0.734225	0.014203
0.735215	0.014110
0.736206	0.014068
0.737197	0.014156
0.738188	0.014333
0.739179	0.014487
0.740170	0.014541
0.741161	0.014518
0.742151	0.014451
0.743142	0.014334
0.744133	0.014181
0.745124	0.014051
0.746115	0.014041
0.747106	0.014128
0.748097	0.014158
0.749087	0.014113
0.750078	0.014062
0.751069	0.014019
0.752060	0.013987
0.753051	0.014032
0.754042	0.014080
0.755033	0.014055
0.756023	0.013952
0.757014	0.013833
0.758005	0.013773
0.758996	0.013775
0.759987	0.013800
0.760978	0.013830
0.761969	0.013849
0.762959	0.013813
0.763950	0.013714
0.764941	0.013616
0.765932	0.013619
0.766923	0.013709
0.767914	0.013719
0.768905	0.013606
0.769895	0.013513
0.770886	0.013510
0.771877	0.013516
0.772868	0.013493
0.773859	0.013398
0.774850	0.013240
0.775841	0.013109
0.776831	0.013045
0.777822	0.013017
0.778813	0.013023
0.779804	0.013018
0.780795	0.012912
0.781786	0.012713
0.782777	0.012570
0.783767	0.012566
0.784758	0.012659
0.785749	0.012754
0.786740	0.012843
0.787731	0.013002
0.788722	0.013193
0.789713	0.013304
0.790703	0.013262
0.791694	0.013088
0.792685	0.012958
0.793676	0.012977
0.794667	0.013070
0.795658	0.013206
0.796649	0.013426
0.797639	0.013695
0.798630	0.013880
0.799621	0.013904
0.800612	0.013893
0.801603	0.014027
0.802594	0.014260
0.803585	0.014388
0.804575	0.014398
0.805566	0.014340
0.806557	0.014249
0.807548	0.014224
0.808539	0.014276
0.809530	0.014289
0.810521	0.014314
0.811511	0.014401
0.812502	0.014461
0.813493	0.014424
0.814484	0.014350
0.815475	0.014296
0.816466	0.014248
0.817456	0.014189
0.818447	0.014259
0.819438	0.014656
0.820429	0.015251
0.821420	0.015732
0.822411	0.016033
0.823402	0.016215
0.824392	0.016300
0.825383	0.016290
0.826374	0.016229
0.827365	0.016217
0.828356	0.016326
0.829347	0.016527
0.830338	0.016734
0.831328	0.016851
0.832319	0.016890
0.833310	0.016900
0.834301	0.016878
0.835292	0.016742
0.836283	0.016554
0.837274	0.016498
0.838264	0.016613
0.839255	0.016773
0.840246	0.016848
0.841237	0.016761
0.842228	0.016593
0.843219	0.016505
0.844210	0.016527
0.845200	0.016534
0.846191	0.016462
0.847182	0.016393
0.848173	0.016377
0.849164	0.016359
0.850155	0.016336
0.851146	0.016351
0.852136	0.016424
0.853127	0.016546
0.854118	0.016742
0.855109	0.016981
0.856100	0.017143
0.857091	0.017145
0.858082	0.017037
0.859072	0.016949
0.860063	0.016967
0.861054	0.017030
0.862045	0.017035
0.863036	0.016966
0.864027	0.016882
0.865018	0.016860
0.866008	0.016911
0.866999	0.016933
0.867990	0.016881
0.868981	0.016782
0.869972	0.016580
0.870963	0.016254
0.871954	0.015898
0.872944	0.015596
0.873935	0.015530
0.874926	0.015741
0.875917	0.015961
0.876908	0.016011
0.877899	0.015864
0.878890	0.015576
0.879880	0.015342
0.880871	0.015246
0.881862	0.015172
0.882853	0.015000
0.883844	0.014777
0.884835	0.014613
0.885826	0.014527
0.886816	0.014494
0.887807	0.014497
0.888798	0.014476
0.889789	0.014432
0.890780	0.014392
0.891771	0.014373
0.892762	0.014385
0.893752	0.014382
0.894743	0.014280
0.895734	0.014080
0.896725	0.013864
0.897716	0.013717
0.898707	0.013664
0.899698	0.013667
0.900688	0.013683
0.901679	0.013664
0.902670	0.013526
0.903661	0.013249
0.904652	0.012918
0.905643	0.012664
0.906634	0.012520
0.907624	0.012407
0.908615	0.012248
0.909606	0.011950
0.910597	0.011591
0.911588	0.011410
0.912579	0.011372
0.913570	0.011302
0.914560	0.011152
0.915551	0.010953
0.916542	0.010807
0.917533	0.010726
0.918524	0.010735
0.919515	0.010885
0.920506	0.011058
0.921496	0.011099
0.922487	0.010960
0.923478	0.010613
0.924469	0.010223
0.925460	0.009994
0.926451	0.009948
0.927442	0.009992
0.928432	0.010013
0.929423	0.009941
0.930414	0.009805
0.931405	0.009611
0.932396	0.009357
0.933387	0.009165
0.934378	0.009032
0.935368	0.008901
0.936359	0.008820
0.937350	0.008740
0.938341	0.008555
0.939332	0.008314
0.940323	0.008135
0.941314	0.008019
0.942304	0.007937
0.943295	0.007886
0.944286	0.007849
0.945277	0.007869
0.946268	0.008031
0.947259	0.008302
0.948250	0.008509
0.949240	0.008538
0.950231	0.008408
0.951222	0.008155
0.952213	0.007755
0.953204	0.007265
0.954195	0.006799
0.955186	0.006497
0.956176	0.006477
0.957167	0.006554
0.958158	0.006516
0.959149	0.006395
0.960140	0.006340
0.961131	0.006382
0.962122	0.006400
0.963112	0.006381
0.964103	0.006347
0.965094	0.006373
0.966085	0.006529
0.967076	0.006704
0.968067	0.006797
0.969058	0.006793
0.970048	0.006626
0.971039	0.006301
0.972030	0.006013
0.973021	0.005868
0.974012	0.005756
0.975003	0.005674
0.975994	0.005647
0.976984	0.005646
0.977975	0.005713
0.978966	0.005859
0.979957	0.005998
0.980948	0.006095
0.981939	0.006164
0.982930	0.006244
0.983920	0.006343
0.984911	0.006443
0.985902	0.006576
0.986893	0.006785
0.987884	0.006988
0.988875	0.007077
0.989866	0.007141
0.990856	0.007321
0.991847	0.007562
0.992838	0.007743
0.993829	0.007830
0.994820	0.007859
0.995811	0.007857
0.996801	0.007766
0.997792	0.007569
0.998783	0.007395
0.999774	0.007326
1.000765	0.007254
1.001756	0.007104
1.002747	0.006959
1.003737	0.006880
1.004728	0.006883
1.005719	0.006942
1.006710	0.006952
1.007701	0.006964
1.008692	0.007068
1.009683	0.007185
1.010673	0.007233
1.011664	0.007255
1.012655	0.007308
1.013646	0.007355
1.014637	0.007350
1.015628	0.007370
1.016619	0.007495
1.017609	0.007651
1.018600	0.007746
1.019591	0.007787
1.020582	0.007798
1.021573	0.007798
1.022564	0.007851
1.023555	0.007958
1.024545	0.008021
1.025536	0.007988
1.026527	0.007931
1.027518	0.007935
1.028509	0.007988
1.029500	0.008057
1.030491	0.008178
1.031481	0.008330
1.032472	0.008451
1.033463	0.008544
1.034454	0.008644
1.035445	0.008779
1.036436	0.008907
1.037427	0.008949
1.038417	0.008911
1.039408	0.008856
1.040399	0.008858
1.041390	0.008909
1.042381	0.008987
1.043372	0.009155
1.044363	0.009405
1.045353	0.009665
1.046344	0.009919
1.047335	0.010172
1.048326	0.010409
1.049317	0.010574
1.050308	0.010635
1.051299	0.010623
1.052289	0.010594
1.053280	0.010612
1.054271	0.010688
1.055262	0.010764
1.056253	0.010767
1.057244	0.010713
1.058235	0.010718
1.059225	0.010861
1.060216	0.011042
1.061207	0.011096
1.062198	0.010965
1.063189	0.010730
1.064180	0.010561
1.065171	0.010525
1.066161	0.010546
1.067152	0.010550
1.068143	0.010525
1.069134	0.010502
1.070125	0.010509
1.071116	0.010566
1.072107	0.010638
1.073097	0.010641
1.074088	0.010555
1.075079	0.010477
1.076070	0.010480
1.077061	0.010494
1.078052	0.010414
1.079043	0.010292
1.080033	0.010276
1.081024	0.010381
1.082015	0.010494
1.083006	0.010561
1.083997	0.010636
1.084988	0.010743
1.085979	0.010835
1.086969	0.010880
1.087960	0.010931
1.088951	0.011076
1.089942	0.011280
1.090933	0.011420
1.091924	0.011506
1.092915	0.011662
1.093905	0.011893
1.094896	0.012131
1.095887	0.012394
1.096878	0.012668
1.097869	0.012861
1.098860	0.012907
1.099851	0.012826
1.100841	0.012752
1.101832	0.012778
1.102823	0.012885
1.103814	0.013008
1.104805	0.013055
1.105796	0.012973
1.106787	0.012814
1.107777	0.012670
1.108768	0.012610
1.109759	0.012632
1.110750	0.012670
1.111741	0.012708
1.112732	0.012777
1.113723	0.012844
1.114713	0.012875
1.115704	0.012885
1.116695	0.012853
1.117686	0.012791
1.118677	0.012805
1.119668	0.012865
1.120659	0.012866
1.121649	0.012804
1.122640	0.012734
1.123631	0.012707
1.124622	0.012766
1.125613	0.012902
1.126604	0.013055
1.127595	0.013139
1.128585	0.013122
1.129576	0.013049
1.130567	0.013001
1.131558	0.013039
1.132549	0.013099
1.133540	0.013125
1.134531	0.013193
1.135521	0.013393
1.136512	0.013701
1.137503	0.013976
1.138494	0.014085
1.139485	0.013989
1.140476	0.013797
1.141467	0.013722
1.142457	0.013845
1.143448	0.014126
1.144439	0.014491
1.145430	0.014826
1.146421	0.015077
1.147412	0.015198
1.148403	0.015182
1.149393	0.015130
1.150384	0.015126
1.151375	0.015119
1.152366	0.015024
1.153357	0.014900
1.154348	0.014858
1.155339	0.014841
1.156329	0.014777
1.157320	0.014641
1.158311	0.014528
1.159302	0.014578
1.160293	0.014729
1.161284	0.014851
1.162275	0.014934
1.163265	0.015080
1.164256	0.015283
1.165247	0.015439
1.166238	0.015578
1.167229	0.015690
1.168220	0.015717
1.169211	0.015679
1.170201	0.015618
1.171192	0.015543
1.172183	0.015509
1.173174	0.015522
1.174165	0.015523
1.175156	0.015463
1.176146	0.015382
1.177137	0.015331
1.178128	0.015272
1.179119	0.015240
1.180110	0.015303
1.181101	0.015387
1.182092	0.015387
1.183082	0.015318
1.184073	0.015307
1.185064	0.015367
1.186055	0.015385
1.187046	0.015382
1.188037	0.015428
1.189028	0.015501
1.190018	0.015578
1.191009	0.015710
1.192000	0.015943
1.192991	0.016186
1.193982	0.016313
1.194973	0.016277
1.195964	0.016143
1.196954	0.016049
1.197945	0.016052
1.198936	0.016117
1.199927	0.016201
1.200918	0.016257
1.201909	0.016270
1.202900	0.016282
1.203890	0.016318
1.204881	0.016361
1.205872	0.016427
1.206863	0.016524
1.207854	0.016618
1.208845	0.016686
1.209836	0.016718
1.210826	0.016671
1.211817	0.016544
1.212808	0.016409
1.213799	0.016348
1.214790	0.016401
1.215781	0.016495
1.216772	0.016529
1.217762	0.016546
1.218753	0.016606
1.219744	0.016676
1.220735	0.016701
1.221726	0.016663
1.222717	0.016612
1.223708	0.016605
1.224698	0.016623
1.225689	0.016637
1.226680	0.016649
1.227671	0.016675
1.228662	0.016701
1.229653	0.016713
1.230644	0.016716
1.231634	0.016716
1.232625	0.016744
1.233616	0.016807
1.234607	0.016835
1.235598	0.016815
1.236589	0.016834
1.237580	0.016934
1.238570	0.017058
1.239561	0.017152
1.240552	0.017201
1.241543	0.017209
1.242534	0.017187
1.243525	0.017135
1.244516	0.017096
1.245506	0.017134
1.246497	0.017194
1.247488	0.017194
1.248479	0.017103
1.249470	0.016979
1.250461	0.016922
1.251452	0.016958
1.252442	0.017055
1.253433	0.017160
1.254424	0.017228
1.255415	0.017238
1.256406	0.017186
1.257397	0.017123
1.258388	0.017098
1.259378	0.017149
1.260369	0.017295
1.261360	0.017458
1.262351	0.017559
1.263342	0.017618
1.264333	0.017658
1.265324	0.017677
1.266314	0.017649
1.267305	0.017628
1.268296	0.017690
1.269287	0.017824
1.270278	0.017954
1.271269	0.018047
1.272260	0.018108
1.273250	0.018118
1.274241	0.018075
1.275232	0.018071
1.276223	0.018143
1.277214	0.018211
1.278205	0.018257
1.279196	0.018345
1.280186	0.018500
1.281177	0.018684
1.282168	0.018848
1.283159	0.018990
1.284150	0.019129
1.285141	0.019257
1.286132	0.019347
1.287122	0.019362
1.288113	0.019304
1.289104	0.019267
1.290095	0.019294
1.291086	0.019286
1.292077	0.019154
1.293068	0.018969
1.294058	0.018909
1.295049	0.019029
1.296040	0.019222
1.297031	0.019383
1.298022	0.019470
1.299013	0.019438
1.300004	0.019282
1.300994	0.019143
1.301985	0.019128
1.302976	0.019197
1.303967	0.019304
1.304958	0.019418
1.305949	0.019493
1.306940	0.019528
1.307930	0.019576
1.308921	0.019647
1.309912	0.019695
1.310903	0.019695
1.311894	0.019664
1.312885	0.019646
1.313876	0.019671
1.314866	0.019715
1.315857	0.019744
1.316848	0.019749
1.317839	0.019750
1.318830	0.019798
1.319821	0.019895
1.320812	0.019958
1.321802	0.019923
1.322793	0.019871
1.323784	0.019898
1.324775	0.019955
1.325766	0.019988
1.326757	0.020010
1.327748	0.020054
1.328738	0.020156
1.329729	0.020298
1.330720	0.020428
1.331711	0.020527
1.332702	0.020579
1.333693	0.020582
1.334684	0.020558
1.335674	0.020503
1.336665	0.020437
1.337656	0.020389
1.338647	0.020338
1.339638	0.020250
1.340629	0.020150
1.341620	0.020120
1.342610	0.020158
1.343601	0.020187
1.344592	0.020200
1.345583	0.020234
1.346574	0.020281
1.347565	0.020268
1.348556	0.020138
1.349546	0.020010
1.350537	0.020089
1.351528	0.020339
1.352519	0.020567
1.353510	0.020693
1.354501	0.020732
1.355491	0.020690
1.356482	0.020609
1.357473	0.020564
1.358464	0.020532
1.359455	0.020451
1.360446	0.020357
1.361437	0.020302
1.362427	0.020265
1.363418	0.020222
1.364409	0.020147
1.365400	0.020027
1.366391	0.019906
1.367382	0.019765
1.368373	0.019552
1.369363	0.019384
1.370354	0.019351
1.371345	0.019339
1.372336	0.019207
1.373327	0.018982
1.374318	0.018859
1.375309	0.018894
1.376299	0.018968
1.377290	0.018959
1.378281	0.018817
1.379272	0.018638
1.380263	0.018485
1.381254	0.018291
1.382245	0.018067
1.383235	0.017812
1.384226	0.017449
1.385217	0.017060
1.386208	0.016802
1.387199	0.016649
1.388190	0.016553
1.389181	0.016521
1.390171	0.016490
1.391162	0.016407
1.392153	0.016260
1.393144	0.015994
1.394135	0.015612
1.395126	0.015259
1.396117	0.015058
1.397107	0.014979
1.398098	0.014945
1.399089	0.014877
1.400080	0.014761
1.401071	0.014623
1.402062	0.014445
1.403053	0.014197
1.404043	0.013936
1.405034	0.013701
1.406025	0.013483
1.407016	0.013302
1.408007	0.013173
1.408998	0.013085
1.409989	0.012962
1.410979	0.012741
1.411970	0.012446
1.412961	0.012145
1.413952	0.011912
1.414943	0.011719
1.415934	0.011501
1.416925	0.011295
1.417915	0.011104
1.418906	0.010877
1.419897	0.010635
1.420888	0.010415
1.421879	0.010199
1.422870	0.010017
1.423861	0.009837
1.424851	0.009563
1.425842	0.009213
1.426833	0.008845
1.427824	0.008454
1.428815	0.008125
1.429806	0.007889
1.430797	0.007634
1.431787	0.007345
1.432778	0.007062
1.433769	0.006751
1.434760	0.006323
1.435751	0.005789
1.436742	0.005240
1.437733	0.004749
1.438723	0.004333
1.439714	0.003966
1.440705	0.003586
1.441696	0.003191
1.442687	0.002803
1.443678	0.002483
1.444669	0.002296
1.445659	0.002119
1.446650	0.001822
1.447641	0.001403
1.448632	0.000943
1.449623	0.000516
1.450614	0.000052
1.451605	-0.000417
1.452595	-0.000773
1.453586	-0.001155
1.454577	-0.001708
1.455568	-0.002378
1.456559	-0.003069
1.457550	-0.003694
1.458541	-0.004232
1.459531	-0.004743
1.460522	-0.005276
1.461513	-0.005850
1.462504	-0.006409
1.463495	-0.006941
1.464486	-0.007502
1.465477	-0.008041
1.466467	-0.008554
1.467458	-0.009030
1.468449	-0.009468
1.469440	-0.009992
1.470431	-0.010631
1.471422	-0.011288
1.472413	-0.011975
1.473403	-0.012754
1.474394	-0.013481
1.475385	-0.013995
1.476376	-0.014382
1.477367	-0.014811
1.478358	-0.015310
1.479349	-0.015745
1.480339	-0.016078
1.481330	-0.016471
1.482321	-0.017003
1.483312	-0.017664
1.484303	-0.018491
1.485294	-0.019499
1.486285	-0.020585
1.487275	-0.021543
1.488266	-0.022292
1.489257	-0.023034
1.490248	-0.023941
1.491239	-0.024958
1.492230	-0.025968
1.493221	-0.026877
1.494211	-0.027628
1.495202	-0.028195
1.496193	-0.028613
1.497184	-0.028986
1.498175	-0.029398
1.499166	-0.029842
1.500157	-0.030238
1.501147	-0.030574
1.502138	-0.030983
1.503129	-0.031516
1.504120	-0.031990
1.505111	-0.032225
1.506102	-0.032364
1.507093	-0.032656
1.508083	-0.033067
1.509074	-0.033443
1.510065	-0.033728
1.511056	-0.033964
1.512047	-0.034192
1.513038	-0.034429
1.514029	-0.034699
1.515019	-0.034989
1.516010	-0.035213
1.517001	-0.035330
1.517992	-0.035351
1.518983	-0.035352
1.519974	-0.035335
1.520965	-0.035309
1.521955	-0.035404
1.522946	-0.035653
1.523937	-0.035900
1.524928	-0.036145
1.525919	-0.036408
1.526910	-0.036575
1.527901	-0.036692
1.528891	-0.036850
1.529882	-0.036916
1.530873	-0.036772
1.531864	-0.036577
1.532855	-0.036484
1.533846	-0.036459
1.534836	-0.036473
1.535827	-0.036497
1.536818	-0.036453
1.537809	-0.036359
1.538800	-0.036210
1.539791	-0.035891
1.540782	-0.035573
1.541772	-0.035428
1.542763	-0.035492
1.543754	-0.035806
1.544745	-0.036220
1.545736	-0.036537
1.546727	-0.036676
1.547718	-0.036691
1.548708	-0.036703
1.549699	-0.036739
1.550690	-0.036828
1.551681	-0.037013
1.552672	-0.037132
1.553663	-0.037165
1.554654	-0.037257
1.555644	-0.037370
1.556635	-0.037428
1.557626	-0.037425
1.558617	-0.037340
1.559608	-0.037180
1.560599	-0.036951
1.561590	-0.036718
1.562580	-0.036616
1.563571	-0.036620
1.564562	-0.036607
1.565553	-0.036542
1.566544	-0.036436
1.567535	-0.036326
1.568526	-0.036316
1.569516	-0.036354
