0.000000	-0.037277
0.000991	-0.037083
0.001982	-0.037159
0.002973	-0.037160
0.003963	-0.037135
0.004954	-0.037055
0.005945	-0.036960
0.006936	-0.036924
0.007927	-0.036881
0.008918	-0.036828
0.009909	-0.036835
0.010899	-0.036903
0.011890	-0.036933
0.012881	-0.037014
0.013872	-0.037246
0.014863	-0.037456
0.015854	-0.037498
0.016845	-0.037498
0.017835	-0.037406
0.018826	-0.037260
0.019817	-0.037177
0.020808	-0.037135
0.021799	-0.037037
0.022790	-0.037093
0.023781	-0.037150
0.024771	-0.037136
0.025762	-0.037104
0.026753	-0.037111
0.027744	-0.037061
0.028735	-0.036913
0.029726	-0.036676
0.030717	-0.036451
0.031707	-0.036302
0.032698	-0.036292
0.033689	-0.036256
0.034680	-0.036023
0.035671	-0.035783
0.036662	-0.035738
0.037653	-0.035793
0.038643	-0.035778
0.039634	-0.035782
0.040625	-0.035962
0.041616	-0.036121
0.042607	-0.036130
0.043598	-0.036080
0.044589	-0.036089
0.045579	-0.036130
0.046570	-0.036159
0.047561	-0.036105
0.048552	-0.036061
0.049543	-0.036095
0.050534	-0.036304
0.051525	-0.036636
0.052515	-0.036908
0.053506	-0.036879
0.054497	-0.036679
0.055488	-0.036460
0.056479	-0.036317
0.057470	-0.036226
0.058461	-0.036257
0.059451	-0.036317
0.060442	-0.036290
0.061433	-0.036157
0.062424	-0.036062
0.063415	-0.036121
0.064406	-0.036293
0.065397	-0.036439
0.066387	-0.036554
0.067378	-0.036598
0.068369	-0.036556
0.069360	-0.036411
0.070351	-0.036305
0.071342	-0.036239
0.072333	-0.036220
0.073323	-0.036211
0.074314	-0.036166
0.075305	-0.036198
0.076296	-0.036238
0.077287	-0.036223
0.078278	-0.036371
0.079269	-0.036564
0.080259	-0.036672
0.081250	-0.036650
0.082241	-0.036580
0.083232	-0.036573
0.084223	-0.036551
0.085214	-0.036344
0.086205	-0.036038
0.087195	-0.035846
0.088186	-0.035747
0.089177	-0.035605
0.090168	-0.035524
0.091159	-0.035642
0.092150	-0.035933
0.093140	-0.036111
0.094131	-0.036102
0.095122	-0.036069
0.096113	-0.036052
0.097104	-0.036037
0.098095	-0.036117
0.099086	-0.036259
0.100076	-0.036356
0.101067	-0.036466
0.102058	-0.036644
0.103049	-0.036658
0.104040	-0.036623
0.105031	-0.036697
0.106022	-0.036891
0.107012	-0.037021
0.108003	-0.037006
0.108994	-0.036899
0.109985	-0.036767
0.110976	-0.036621
0.111967	-0.036583
0.112958	-0.036510
0.113948	-0.036335
0.114939	-0.036124
0.115930	-0.036000
0.116921	-0.035971
0.117912	-0.036052
0.118903	-0.036247
0.119894	-0.036591
0.120884	-0.036901
0.121875	-0.036885
0.122866	-0.036592
0.123857	-0.036326
0.124848	-0.036163
0.125839	-0.036117
0.126830	-0.036166
0.127820	-0.036293
0.128811	-0.036383
0.129802	-0.036455
0.130793	-0.036522
0.131784	-0.036628
0.132775	-0.036717
0.133766	-0.036763
0.134756	-0.036770
0.135747	-0.036798
0.136738	-0.036845
0.137729	-0.036900
0.138720	-0.036958
0.139711	-0.036945
0.140702	-0.036839
0.141692	-0.036768
0.142683	-0.036788
0.143674	-0.036901
0.144665	-0.036984
0.145656	-0.036921
0.146647	-0.036786
0.147638	-0.036708
0.148628	-0.036722
0.149619	-0.036777
0.150610	-0.036727
0.151601	-0.036609
0.152592	-0.036597
0.153583	-0.036729
0.154574	-0.036826
0.155564	-0.036868
0.156555	-0.036873
0.157546	-0.036800
0.158537	-0.036710
0.159528	-0.036703
0.160519	-0.036716
0.161510	-0.036626
0.162500	-0.036432
0.163491	-0.036270
0.164482	-0.036221
0.165473	-0.036258
0.166464	-0.036229
0.167455	-0.036076
0.168446	-0.035960
0.169436	-0.036037
0.170427	-0.036146
0.171418	-0.036243
0.172409	-0.036339
0.173400	-0.036440
0.174391	-0.036515
0.175382	-0.036484
0.176372	-0.036286
0.177363	-0.036109
0.178354	-0.036058
0.179345	-0.036121
0.180336	-0.036233
0.181327	-0.036280
0.182318	-0.036234
0.183308	-0.036228
0.184299	-0.036284
0.185290	-0.036376
0.186281	-0.036454
0.187272	-0.036508
0.188263	-0.036520
0.189254	-0.036474
0.190244	-0.036451
0.191235	-0.036524
0.192226	-0.036594
0.193217	-0.036635
0.194208	-0.036666
0.195199	-0.036653
0.196190	-0.036593
0.197180	-0.036544
0.198171	-0.036566
0.199162	-0.036709
0.200153	-0.036758
0.201144	-0.036596
0.202135	-0.036431
0.203126	-0.036364
0.204116	-0.036426
0.205107	-0.036656
0.206098	-0.036881
0.207089	-0.036987
0.208080	-0.036975
0.209071	-0.036883
0.210062	-0.036789
0.211052	-0.036778
0.212043	-0.036884
0.213034	-0.036985
0.214025	-0.036933
0.215016	-0.036790
0.216007	-0.036664
0.216998	-0.036590
0.217988	-0.036543
0.218979	-0.036530
0.219970	-0.036634
0.220961	-0.036828
0.221952	-0.036945
0.222943	-0.036956
0.223934	-0.036954
0.224924	-0.036930
0.225915	-0.036864
0.226906	-0.036803
0.227897	-0.036728
0.228888	-0.036617
0.229879	-0.036578
0.230870	-0.036698
0.231860	-0.036862
0.232851	-0.036916
0.233842	-0.036889
0.234833	-0.036911
0.235824	-0.037070
0.236815	-0.037263
0.237806	-0.037401
0.238796	-0.037424
0.239787	-0.037306
0.240778	-0.037120
0.241769	-0.036915
0.242760	-0.036749
0.243751	-0.036660
0.244742	-0.036602
0.245732	-0.036571
0.246723	-0.036580
0.247714	-0.036581
0.248705	-0.036545
0.249696	-0.036491
0.250687	-0.036473
0.251678	-0.036549
0.252668	-0.036696
0.253659	-0.036871
0.254650	-0.036918
0.255641	-0.036791
0.256632	-0.036655
0.257623	-0.036575
0.258614	-0.036517
0.259604	-0.036438
0.260595	-0.036328
0.261586	-0.036261
0.262577	-0.036271
0.263568	-0.036290
0.264559	-0.036242
0.265550	-0.036211
0.266540	-0.036237
0.267531	-0.036253
0.268522	-0.036262
0.269513	-0.036267
0.270504	-0.036262
0.271495	-0.036289
0.272485	-0.036361
0.273476	-0.036455
0.274467	-0.036501
0.275458	-0.036442
0.276449	-0.036365
0.277440	-0.036338
0.278431	-0.036310
0.279421	-0.036254
0.280412	-0.036181
0.281403	-0.036155
0.282394	-0.036183
0.283385	-0.036259
0.284376	-0.036367
0.285367	-0.036445
0.286357	-0.036397
0.287348	-0.036255
0.288339	-0.036114
0.289330	-0.036056
0.290321	-0.036064
0.291312	-0.036052
0.292303	-0.035995
0.293293	-0.035983
0.294284	-0.036008
0.295275	-0.036023
0.296266	-0.036024
0.297257	-0.036017
0.298248	-0.036034
0.299239	-0.036143
0.300229	-0.036296
0.301220	-0.036383
0.302211	-0.036392
0.303202	-0.036356
0.304193	-0.036335
0.305184	-0.036516
0.306175	-0.036799
0.307165	-0.036939
0.308156	-0.036998
0.309147	-0.037035
0.310138	-0.037059
0.311129	-0.037042
0.312120	-0.036956
0.313111	-0.036948
0.314101	-0.036961
0.315092	-0.036972
0.316083	-0.037002
0.317074	-0.036969
0.318065	-0.036779
0.319056	-0.036522
0.320047	-0.036324
0.321037	-0.036239
0.322028	-0.036237
0.323019	-0.036304
0.324010	-0.036345
0.325001	-0.036335
0.325992	-0.036266
0.326983	-0.036173
0.327973	-0.036113
0.328964	-0.036124
0.329955	-0.036178
0.330946	-0.036295
0.331937	-0.036349
0.332928	-0.036255
0.333919	-0.036112
0.334909	-0.035966
0.335900	-0.035902
0.336891	-0.036012
0.337882	-0.036249
0.338873	-0.036427
0.339864	-0.036388
0.340855	-0.036269
0.341845	-0.036242
0.342836	-0.036373
0.343827	-0.036498
0.344818	-0.036527
0.345809	-0.036447
0.346800	-0.036278
0.347791	-0.036102
0.348781	-0.035948
0.349772	-0.035777
0.350763	-0.035670
0.351754	-0.035658
0.352745	-0.035730
0.353736	-0.035788
0.354727	-0.035786
0.355717	-0.035793
0.356708	-0.035891
0.357699	-0.035993
0.358690	-0.035999
0.359681	-0.035907
0.360672	-0.035848
0.361663	-0.035888
0.362653	-0.035996
0.363644	-0.036012
0.364635	-0.035910
0.365626	-0.035791
0.366617	-0.035687
0.367608	-0.035571
0.368599	-0.035503
0.369589	-0.035497
0.370580	-0.035522
0.371571	-0.035463
0.372562	-0.035399
0.373553	-0.035447
0.374544	-0.035578
0.375535	-0.035622
0.376525	-0.035541
0.377516	-0.035472
0.378507	-0.035487
0.379498	-0.035476
0.380489	-0.035404
0.381480	-0.035355
0.382471	-0.035489
0.383461	-0.035803
0.384452	-0.036220
0.385443	-0.036506
0.386434	-0.036575
0.387425	-0.036618
0.388416	-0.036797
0.389407	-0.037038
0.390397	-0.036928
0.391388	-0.036721
0.392379	-0.036620
0.393370	-0.036484
0.394361	-0.036418
0.395352	-0.036367
0.396343	-0.036346
0.397333	-0.036407
0.398324	-0.036471
0.399315	-0.036543
0.400306	-0.036535
0.401297	-0.036453
0.402288	-0.036341
0.403279	-0.036309
0.404269	-0.036316
0.405260	-0.036223
0.406251	-0.036058
0.407242	-0.036002
0.408233	-0.035981
0.409224	-0.035911
0.410215	-0.035835
0.411205	-0.035849
0.412196	-0.035935
0.413187	-0.036069
0.414178	-0.036101
0.415169	-0.035953
0.416160	-0.035697
0.417151	-0.035444
0.418141	-0.035239
0.419132	-0.035042
0.420123	-0.034786
0.421114	-0.034500
0.422105	-0.034190
0.423096	-0.033861
0.424087	-0.033469
0.425077	-0.032999
0.426068	-0.032548
0.427059	-0.032227
0.428050	-0.031941
0.429041	-0.031509
0.430032	-0.031006
0.431023	-0.030557
0.432013	-0.030157
0.433004	-0.029864
0.433995	-0.029624
0.434986	-0.029306
0.435977	-0.028899
0.436968	-0.028515
0.437959	-0.028189
0.438949	-0.027871
0.439940	-0.027555
0.440931	-0.027161
0.441922	-0.026669
0.442913	-0.026223
0.443904	-0.025900
0.444895	-0.025605
0.445885	-0.025257
0.446876	-0.024864
0.447867	-0.024489
0.448858	-0.024162
0.449849	-0.023804
0.450840	-0.023400
0.451830	-0.023030
0.452821	-0.022790
0.453812	-0.022595
0.454803	-0.022337
0.455794	-0.021977
0.456785	-0.021512
0.457776	-0.020986
0.458766	-0.020513
0.459757	-0.020147
0.460748	-0.019834
0.461739	-0.019533
0.462730	-0.019233
0.463721	-0.018872
0.464712	-0.018493
0.465702	-0.018182
0.466693	-0.017859
0.467684	-0.017522
0.468675	-0.017152
0.469666	-0.016757
0.470657	-0.016362
0.471648	-0.015970
0.472638	-0.015565
0.473629	-0.015198
0.474620	-0.014849
0.475611	-0.014386
0.476602	-0.013830
0.477593	-0.013375
0.478584	-0.013061
0.479574	-0.012735
0.480565	-0.012385
0.481556	-0.012118
0.482547	-0.011932
0.483538	-0.011621
0.484529	-0.011144
0.485520	-0.010684
0.486510	-0.010322
0.487501	-0.009987
0.488492	-0.009598
0.489483	-0.009150
0.490474	-0.008708
0.491465	-0.008321
0.492456	-0.007994
0.493446	-0.007691
0.494437	-0.007320
0.495428	-0.006912
0.496419	-0.006525
0.497410	-0.006129
0.498401	-0.005728
0.499392	-0.005435
0.500382	-0.005279
0.501373	-0.005179
0.502364	-0.004987
0.503355	-0.004629
0.504346	-0.004162
0.505337	-0.003642
0.506328	-0.003095
0.507318	-0.002628
0.508309	-0.002325
0.509300	-0.002154
0.510291	-0.002025
0.511282	-0.001771
0.512273	-0.001331
0.513264	-0.000834
0.514254	-0.000436
0.515245	-0.000145
0.516236	0.000147
0.517227	0.000529
0.518218	0.000897
0.519209	0.001187
0.520200	0.001458
0.521190	0.001762
0.522181	0.002104
0.523172	0.002471
0.524163	0.002803
0.525154	0.003065
0.526145	0.003311
0.527136	0.003593
0.528126	0.003885
0.529117	0.004179
0.530108	0.004492
0.531099	0.004801
0.532090	0.005094
0.533081	0.005369
0.534072	0.005674
0.535062	0.006048
0.536053	0.006490
0.537044	0.006929
0.538035	0.007243
0.539026	0.007342
0.540017	0.007271
0.541008	0.007224
0.541998	0.007341
0.542989	0.007531
0.543980	0.007659
0.544971	0.007661
0.545962	0.007575
0.546953	0.007528
0.547944	0.007665
0.548934	0.007975
0.549925	0.008328
0.550916	0.008655
0.551907	0.008918
0.552898	0.009067
0.553889	0.009136
0.554880	0.009226
0.555870	0.009395
0.556861	0.009579
0.557852	0.009684
0.558843	0.009743
0.559834	0.009804
0.560825	0.009883
0.561816	0.010020
0.562806	0.010203
0.563797	0.010356
0.564788	0.010506
0.565779	0.010641
0.566770	0.010703
0.567761	0.010730
0.568752	0.010793
0.569742	0.010916
0.570733	0.011143
0.571724	0.011464
0.572715	0.011750
0.573706	0.011924
0.574697	0.012077
0.575688	0.012264
0.576678	0.012453
0.577669	0.012554
0.578660	0.012590
0.579651	0.012638
0.580642	0.012689
0.581633	0.012715
0.582624	0.012746
0.583614	0.012772
0.584605	0.012845
0.585596	0.013059
0.586587	0.013350
0.587578	0.013574
0.588569	0.013686
0.589560	0.013718
0.590550	0.013747
0.591541	0.013839
0.592532	0.013959
0.593523	0.014002
0.594514	0.013939
0.595505	0.013842
0.596496	0.013793
0.597486	0.013795
0.598477	0.013794
0.599468	0.013768
0.600459	0.013743
0.601450	0.013715
0.602441	0.013671
0.603432	0.013627
0.604422	0.013592
0.605413	0.013600
0.606404	0.013659
0.607395	0.013753
0.608386	0.013861
0.609377	0.013901
0.610368	0.013847
0.611358	0.013787
0.612349	0.013782
0.613340	0.013803
0.614331	0.013791
0.615322	0.013714
0.616313	0.013587
0.617304	0.013448
0.618294	0.013332
0.619285	0.013251
0.620276	0.013239
0.621267	0.013328
0.622258	0.013446
0.623249	0.013485
0.624240	0.013394
0.625230	0.013217
0.626221	0.013120
0.627212	0.013164
0.628203	0.013249
0.629194	0.013338
0.630185	0.013442
0.631176	0.013533
0.632166	0.013592
0.633157	0.013639
0.634148	0.013684
0.635139	0.013651
0.636130	0.013494
0.637121	0.013303
0.638111	0.013198
0.639102	0.013167
0.640093	0.013149
0.641084	0.013124
0.642075	0.013084
0.643066	0.013025
0.644057	0.013011
0.645047	0.013055
0.646038	0.013102
0.647029	0.013123
0.648020	0.013169
0.649011	0.013243
0.650002	0.013300
0.650993	0.013339
0.651983	0.013406
0.652974	0.013465
0.653965	0.013486
0.654956	0.013510
0.655947	0.013528
0.656938	0.013522
0.657929	0.013483
0.658919	0.013393
0.659910	0.013321
0.660901	0.013357
0.661892	0.013552
0.662883	0.013873
0.663874	0.014181
0.664865	0.014407
0.665855	0.014583
0.666846	0.014726
0.667837	0.014863
0.668828	0.014982
0.669819	0.015045
0.670810	0.015021
0.671801	0.014907
0.672791	0.014748
0.673782	0.014607
0.674773	0.014501
0.675764	0.014449
0.676755	0.014447
0.677746	0.014471
0.678737	0.014537
0.679727	0.014633
0.680718	0.014669
0.681709	0.014610
0.682700	0.014484
0.683691	0.014329
0.684682	0.014214
0.685673	0.014187
0.686663	0.014230
0.687654	0.014306
0.688645	0.014370
0.689636	0.014386
0.690627	0.014343
0.691618	0.014283
0.692609	0.014206
0.693599	0.014074
0.694590	0.013988
0.695581	0.014085
0.696572	0.014251
0.697563	0.014339
0.698554	0.014380
0.699545	0.014452
0.700535	0.014503
0.701526	0.014408
0.702517	0.014215
0.703508	0.014117
0.704499	0.014141
0.705490	0.014200
0.706481	0.014250
0.707471	0.014295
0.708462	0.014355
0.709453	0.014371
0.710444	0.014317
0.711435	0.014258
0.712426	0.014243
0.713417	0.014308
0.714407	0.014401
0.715398	0.014413
0.716389	0.014362
0.717380	0.014340
0.718371	0.014300
0.719362	0.014205
0.720353	0.014141
0.721343	0.014198
0.722334	0.014302
0.723325	0.014356
0.724316	0.014357
0.725307	0.014309
0.726298	0.014228
0.727289	0.014162
0.728279	0.014144
0.729270	0.014176
0.730261	0.014195
0.731252	0.014171
0.732243	0.014176
0.733234	0.014225
0.734225	0.014203
0.735215	0.014110
0.736206	0.014068
0.737197	0.014156
0.738188	0.014333
0.739179	0.014487
0.740170	0.014541
0.741161	0.014518
0.742151	0.014451
0.743142	0.014334
0.744133	0.014181
0.745124	0.014051
0.746115	0.014041
0.747106	0.014128
0.748097	0.014158
0.749087	0.014113
0.750078	0.014062
0.751069	0.014019
0.752060	0.013987
0.753051	0.014032
0.754042	0.014080
0.755033	0.014055
0.756023	0.013952
0.757014	0.013833
0.758005	0.013773
0.758996	0.013775
0.759987	0.013800
0.760978	0.013830
0.761969	0.013849
0.762959	0.013813
0.763950	0.013714
0.764941	0.013616
0.765932	0.013619
0.766923	0.013709
0.767914	0.013719
0.768905	0.013606
0.769895	0.013513
0.770886	0.013510
0.771877	0.013516
0.772868	0.013493
0.773859	0.013398
0.774850	0.013240
0.775841	0.013109
0.776831	0.013045
0.777822	0.013017
0.778813	0.013023
0.779804	0.013018
0.780795	0.012912
0.781786	0.012713
0.782777	0.012570
0.783767	0.012566
0.784758	0.012659
0.785749	0.012754
0.786740	0.012843
0.787731	0.013002
0.788722	0.013193
0.789713	0.013304
0.790703	0.013262
0.791694	0.013088
0.792685	0.012958
0.793676	0.012977
0.794667	0.013070
0.795658	0.013206
0.796649	0.013426
0.797639	0.013695
0.798630	0.013880
0.799621	0.013904
0.800612	0.013893
0.801603	0.014027
0.802594	0.014260
0.803585	0.014388
0.804575	0.014398
0.805566	0.014340
0.806557	0.014249
0.807548	0.014224
0.808539	0.014276
0.809530	0.014289
0.810521	0.014314
0.811511	0.014401
0.812502	0.014461
0.813493	0.014424
0.814484	0.014350
0.815475	0.014296
0.816466	0.014248
0.817456	0.014189
0.818447	0.014259
0.819438	0.014656
0.820429	0.015251
0.821420	0.015732
0.822411	0.016033
0.823402	0.016215
0.824392	0.016300
0.825383	0.016290
0.826374	0.016229
0.827365	0.016217
0.828356	0.016326
0.829347	0.016527
0.830338	0.016734
0.831328	0.016851
0.832319	0.016890
0.833310	0.016900
0.834301	0.016878
0.835292	0.016742
0.836283	0.016554
0.837274	0.016498
0.838264	0.016613
0.839255	0.016773
0.840246	0.016848
0.841237	0.016761
0.842228	0.016593
0.843219	0.016505
0.844210	0.016527
0.845200	0.016534
0.846191	0.016462
0.847182	0.016393
0.848173	0.016377
0.849164	0.016359
0.850155	0.016336
0.851146	0.016351
0.852136	0.016424
0.853127	0.016546
0.854118	0.016742
0.855109	0.016981
0.856100	0.017143
0.857091	0.017145
0.858082	0.017037
0.859072	0.016949
0.860063	0.016967
0.861054	0.017030
0.862045	0.017035
0.863036	0.016966
0.864027	0.016882
0.865018	0.016860
0.866008	0.016911
0.866999	0.016933
0.867990	0.016881
0.868981	0.016782
0.869972	0.016580
0.870963	0.016254
0.871954	0.015898
0.872944	0.015596
0.873935	0.015530
0.874926	0.015741
0.875917	0.015961
0.876908	0.016011
0.877899	0.015864
0.878890	0.015576
0.879880	0.015342
0.880871	0.015246
0.881862	0.015172
0.882853	0.015000
0.883844	0.014777
0.884835	0.014613
0.885826	0.014527
0.886816	0.014494
0.887807	0.014497
0.888798	0.014476
0.889789	0.014432
0.890780	0.014392
0.891771	0.014373
0.892762	0.014385
0.893752	0.014382
0.894743	0.014280
0.895734	0.014080
0.896725	0.013864
0.897716	0.013717
0.898707	0.013664
0.899698	0.013667
0.900688	0.013683
0.901679	0.013664
0.902670	0.013526
0.903661	0.013249
0.904652	0.012918
0.905643	0.012664
0.906634	0.012520
0.907624	0.012407
0.908615	0.012248
0.909606	0.011950
0.910597	0.011591
0.911588	0.011410
0.912579	0.011372
0.913570	0.011302
0.914560	0.011152
0.915551	0.010953
0.916542	0.010807
0.917533	0.010726
0.918524	0.010735
0.919515	0.010885
0.920506	0.011058
0.921496	0.011099
0.922487	0.010960
0.923478	0.010613
0.924469	0.010223
0.925460	0.009994
0.926451	0.009948
0.927442	0.009992
0.928432	0.010013
0.929423	0.009941
0.930414	0.009805
0.931405	0.009611
0.932396	0.009357
0.933387	0.009165
0.934378	0.009032
0.935368	0.008901
0.936359	0.008820
0.937350	0.008740
0.938341	0.008555
0.939332	0.008314
0.940323	0.008135
0.941314	0.008019
0.942304	0.007937
0.943295	0.007886
0.944286	0.007849
0.945277	0.007869
0.946268	0.008031
0.947259	0.008302
0.948250	0.008509
0.949240	0.008538
0.950231	0.008408
0.951222	0.008155
0.952213	0.007755
0.953204	0.007265
0.954195	0.006799
0.955186	0.006497
0.956176	0.006477
0.957167	0.006554
0.958158	0.006516
0.959149	0.006395
0.960140	0.006340
0.961131	0.006382
0.962122	0.006400
0.963112	0.006381
0.964103	0.006347
0.965094	0.006373
0.966085	0.006529
0.967076	0.006704
0.968067	0.006797
0.969058	0.006793
0.970048	0.006626
0.971039	0.006301
0.972030	0.006013
0.973021	0.005868
0.974012	0.005756
0.975003	0.005674
0.975994	0.005647
0.976984	0.005646
0.977975	0.005713
0.978966	0.005859
0.979957	0.005998
0.980948	0.006095
0.981939	0.006164
0.982930	0.006244
0.983920	0.006343
0.984911	0.006443
0.985902	0.006576
0.986893	0.006785
0.987884	0.006988
0.988875	0.007077
0.989866	0.007141
0.990856	0.007321
0.991847	0.007562
0.992838	0.007743
0.993829	0.007830
0.994820	0.007859
0.995811	0.007857
0.996801	0.007766
0.997792	0.007569
0.998783	0.007395
0.999774	0.007326
1.000765	0.007254
1.001756	0.007104
1.002747	0.006959
1.003737	0.006880
1.004728	0.006883
1.005719	0.006942
1.006710	0.006952
1.007701	0.006964
1.008692	0.007068
1.009683	0.007185
1.010673	0.007233
1.011664	0.007255
1.012655	0.007308
1.013646	0.007355
1.014637	0.007350
1.015628	0.007370
1.016619	0.007495
1.017609	0.007651
1.018600	0.007746
1.019591	0.007787
1.020582	0.007798
1.021573	0.007798
1.022564	0.007851
1.023555	0.007958
1.024545	0.008021
1.025536	0.007988
1.026527	0.007931
1.027518	0.007935
1.028509	0.007988
1.029500	0.008057
1.030491	0.008178
1.031481	0.008330
1.032472	0.008451
1.033463	0.008544
1.034454	0.008644
1.035445	0.008779
1.036436	0.008907
1.037427	0.008949
1.038417	0.008911
1.039408	0.008856
1.040399	0.008858
1.041390	0.008909
1.042381	0.008987
1.043372	0.009155
1.044363	0.009405
1.045353	0.009665
1.046344	0.009919
1.047335	0.010172
1.048326	0.010409
1.049317	0.010574
1.050308	0.010635
1.051299	0.010623
1.052289	0.010594
1.053280	0.010612
1.054271	0.010688
1.055262	0.010764
1.056253	0.010767
1.057244	0.010713
1.058235	0.010718
1.059225	0.010861
1.060216	0.011042
1.061207	0.011096
1.062198	0.010965
1.063189	0.010730
1.064180	0.010561
1.065171	0.010525
1.066161	0.010546
1.067152	0.010550
1.068143	0.010525
1.069134	0.010502
1.070125	0.010509
1.071116	0.010566
1.072107	0.010638
1.073097	0.010641
1.074088	0.010555
1.075079	0.010477
1.076070	0.010480
1.077061	0.010494
1.078052	0.010414
1.079043	0.010292
1.080033	0.010276
1.081024	0.010381
1.082015	0.010494
1.083006	0.010561
1.083997	0.010636
1.084988	0.010743
1.085979	0.010835
1.086969	0.010880
1.087960	0.010931
1.088951	0.011076
1.089942	0.011280
1.090933	0.011420
1.091924	0.011506
1.092915	0.011662
1.093905	0.011893
1.094896	0.012131
1.095887	0.012394
1.096878	0.012668
1.097869	0.012861
1.098860	0.012907
1.099851	0.012826
1.100841	0.012752
1.101832	0.012778
1.102823	0.012885
1.103814	0.013008
1.104805	0.013055
1.105796	0.012973
1.106787	0.012814
1.107777	0.012670
1.108768	0.012610
1.109759	0.012632
1.110750	0.012670
1.111741	0.012708
1.112732	0.012777
1.113723	0.012844
1.114713	0.012875
1.115704	0.012885
1.116695	0.012853
1.117686	0.012791
1.118677	0.012805
1.119668	0.012865
1.120659	0.012866
1.121649	0.012804
1.122640	0.012734
1.123631	0.012707
1.124622	0.012766
1.125613	0.012902
1.126604	0.013055
1.127595	0.013139
1.128585	0.013122
1.129576	0.013049
1.130567	0.013001
1.131558	0.013039
1.132549	0.013099
1.133540	0.013125
1.134531	0.013193
1.135521	0.013393
1.136512	0.013701
1.137503	0.013976
1.138494	0.014085
1.139485	0.013989
1.140476	0.013797
1.141467	0.013722
1.142457	0.013845
1.143448	0.014126
1.144439	0.014491
1.145430	0.014826
1.146421	0.015077
1.147412	0.015198
1.148403	0.015182
1.149393	0.015130
1.150384	0.015126
1.151375	0.015119
1.152366	0.015024
1.153357	0.014900
1.154348	0.014858
1.155339	0.014841
1.156329	0.014777
1.157320	0.014641
1.158311	0.014528
1.159302	0.014578
1.160293	0.014729
1.161284	0.014851
1.162275	0.014934
1.163265	0.015080
1.164256	0.015283
1.165247	0.015439
1.166238	0.015578
1.167229	0.015690
1.168220	0.015717
1.169211	0.015679
1.170201	0.015618
1.171192	0.015543
1.172183	0.015509
1.173174	0.015522
1.174165	0.015523
1.175156	0.015463
1.176146	0.015382
1.177137	0.015331
1.178128	0.015272
1.179119	0.015240
1.180110	0.015303
1.181101	0.015387
1.182092	0.015387
1.183082	0.015318
1.184073	0.015307
1.185064	0.015367
1.186055	0.015385
1.187046	0.015382
1.188037	0.015428
1.189028	0.015501
1.190018	0.015578
1.191009	0.015710
1.192000	0.015943
1.192991	0.016186
1.193982	0.016313
1.194973	0.016277
1.195964	0.016143
1.196954	0.016049
1.197945	0.016052
1.198936	0.016117
1.199927	0.016201
1.200918	0.016257
1.201909	0.016270
1.202900	0.016282
1.203890	0.016318
1.204881	0.016361
1.205872	0.016427
1.206863	0.016524
1.207854	0.016618
1.208845	0.016686
1.209836	0.016718
1.210826	0.016671
1.211817	0.016544
1.212808	0.016409
1.213799	0.016348
1.214790	0.016401
1.215781	0.016495
1.216772	0.016529
1.217762	0.016546
1.218753	0.016606
1.219744	0.016676
1.220735	0.016701
1.221726	0.016663
1.222717	0.016612
1.223708	0.016605
1.224698	0.016623
1.225689	0.016637
1.226680	0.016649
1.227671	0.016675
1.228662	0.016701
1.229653	0.016713
1.230644	0.016716
1.231634	0.016716
1.232625	0.016744
1.233616	0.016807
1.234607	0.016835
1.235598	0.016815
1.236589	0.016834
1.237580	0.016934
1.238570	0.017058
1.239561	0.017152
1.240552	0.017201
1.241543	0.017209
1.242534	0.017187
1.243525	0.017135
1.244516	0.017096
1.245506	0.017134
1.246497	0.017194
1.247488	0.017194
1.248479	0.017103
1.249470	0.016979
1.250461	0.016922
1.251452	0.016958
1.252442	0.017055
1.253433	0.017160
1.254424	0.017228
1.255415	0.017238
1.256406	0.017186
1.257397	0.017123
1.258388	0.017098
1.259378	0.017149
1.260369	0.017295
1.261360	0.017458
1.262351	0.017559
1.263342	0.017618
1.264333	0.017658
1.265324	0.017677
1.266314	0.017649
1.267305	0.017628
1.268296	0.017690
1.269287	0.017824
1.270278	0.017954
1.271269	0.018047
1.272260	0.018108
1.273250	0.018118
1.274241	0.018075
1.275232	0.018071
1.276223	0.018143
1.277214	0.018211
1.278205	0.018257
1.279196	0.018345
1.280186	0.018500
1.281177	0.018684
1.282168	0.018848
1.283159	0.018990
1.284150	0.019129
1.285141	0.019257
1.286132	0.019347
1.287122	0.019362
1.288113	0.019304
1.289104	0.019267
1.290095	0.019294
1.291086	0.019286
1.292077	0.019154
1.293068	0.018969
1.294058	0.018909
1.295049	0.019029
1.296040	0.019222
1.297031	0.019383
1.298022	0.019470
1.299013	0.019438
1.300004	0.019282
1.300994	0.019143
1.301985	0.019128
1.302976	0.019197
1.303967	0.019304
1.304958	0.019418
1.305949	0.019493
1.306940	0.019528
1.307930	0.019576
1.308921	0.019647
1.309912	0.019695
1.310903	0.019695
1.311894	0.019664
1.312885	0.019646
1.313876	0.019671
1.314866	0.019715
1.315857	0.019744
1.316848	0.019749
1.317839	0.019750
1.318830	0.019798
1.319821	0.019895
1.320812	0.019958
1.321802	0.019923
1.322793	0.019871
1.323784	0.019898
1.324775	0.019955
1.325766	0.019988
1.326757	0.020010
1.327748	0.020054
1.328738	0.020156
1.329729	0.020298
1.330720	0.020428
1.331711	0.020527
1.332702	0.020579
1.333693	0.020582
1.334684	0.020558
1.335674	0.020503
1.336665	0.020437
1.337656	0.020389
1.338647	0.020338
1.339638	0.020250
1.340629	0.020150
1.341620	0.020120
1.342610	0.020158
1.343601	0.020187
1.344592	0.020200
1.345583	0.020234
1.346574	0.020281
1.347565	0.020268
1.348556	0.020138
1.349546	0.020010
1.350537	0.020089
1.351528	0.020339
1.352519	0.020567
1.353510	0.020693
1.354501	0.020732
1.355491	0.020690
1.356482	0.020609
1.357473	0.020564
1.358464	0.020532
1.359455	0.020451
1.360446	0.020357
1.361437	0.020302
1.362427	0.020265
1.363418	0.020222
1.364409	0.020147
1.365400	0.020027
1.366391	0.019906
1.367382	0.019765
1.368373	0.019552
1.369363	0.019384
1.370354	0.019351
1.371345	0.019339
1.372336	0.019207
1.373327	0.018982
1.374318	0.018859
1.375309	0.018894
1.376299	0.018968
1.377290	0.018959
1.378281	0.018817
1.379272	0.018638
1.380263	0.018485
1.381254	0.018291
1.382245	0.018067
1.383235	0.017812
1.384226	0.017449
1.385217	0.017060
1.386208	0.016802
1.387199	0.016649
1.388190	0.016553
1.389181	0.016521
1.390171	0.016490
1.391162	0.016407
1.392153	0.016260
1.393144	0.015994
1.394135	0.015612
1.395126	0.015259
1.396117	0.015058
1.397107	0.014979
1.398098	0.014945
1.399089	0.014877
1.400080	0.014761
1.401071	0.014623
1.402062	0.014445
1.403053	0.014197
1.404043	0.013936
1.405034	0.013701
1.406025	0.013483
1.407016	0.013302
1.408007	0.013173
1.408998	0.013085
1.409989	0.012962
1.410979	0.012741
1.411970	0.012446
1.412961	0.012145
1.413952	0.011912
1.414943	0.011719
1.415934	0.011501
1.416925	0.011295
1.417915	0.011104
1.418906	0.010877
1.419897	0.010635
1.420888	0.010415
1.421879	0.010199
1.422870	0.010017
1.423861	0.009837
1.424851	0.009563
1.425842	0.009213
1.426833	0.008845
1.427824	0.008454
1.428815	0.008125
1.429806	0.007889
1.430797	0.007634
1.431787	0.007345
1.432778	0.007062
1.433769	0.006751
1.434760	0.006323
1.435751	0.005789
1.436742	0.005240
1.437733	0.004749
1.438723	0.004333
1.439714	0.003966
1.440705	0.003586
1.441696	0.003191
1.442687	0.002803
1.443678	0.002483
1.444669	0.002296
1.445659	0.002119
1.446650	0.001822
1.447641	0.001403
1.448632	0.000943
1.449623	0.000516
1.450614	0.000052
1.451605	-0.000417
1.452595	-0.000773
1.453586	-0.001155
1.454577	-0.001708
1.455568	-0.002378
1.456559	-0.003069
1.457550	-0.003694
1.458541	-0.004232
1.459531	-0.004743
1.460522	-0.005276
1.461513	-0.005850
1.462504	-0.006409
1.463495	-0.006941
1.464486	-0.007502
1.465477	-0.008041
1.466467	-0.008554
1.467458	-0.009030
1.468449	-0.009468
1.469440	-0.009992
1.470431	-0.010631
1.471422	-0.011288
1.472413	-0.011975
1.473403	-0.012754
1.474394	-0.013481
1.475385	-0.013995
1.476376	-0.014382
1.477367	-0.014811
1.478358	-0.015310
1.479349	-0.015745
1.480339	-0.016078
1.481330	-0.016471
1.482321	-0.017003
1.483312	-0.017664
1.484303	-0.018491
1.485294	-0.019499
1.486285	-0.020585
1.487275	-0.021543
1.488266	-0.022292
1.489257	-0.023034
1.490248	-0.023941
1.491239	-0.024958
1.492230	-0.025968
1.493221	-0.026877
1.494211	-0.027628
1.495202	-0.028195
1.496193	-0.028613
1.497184	-0.028986
1.498175	-0.029398
1.499166	-0.029842
1.500157	-0.030238
1.501147	-0.030574
1.502138	-0.030983
1.503129	-0.031516
1.504120	-0.031990
1.505111	-0.032225
1.506102	-0.032364
1.507093	-0.032656
1.508083	-0.033067
1.509074	-0.033443
1.510065	-0.033728
1.511056	-0.033964
1.512047	-0.034192
1.513038	-0.034429
1.514029	-0.034699
1.515019	-0.034989
1.516010	-0.035213
1.517001	-0.035330
1.517992	-0.035351
1.518983	-0.035352
1.519974	-0.035335
1.520965	-0.035309
1.521955	-0.035404
1.522946	-0.035653
1.523937	-0.035900
1.524928	-0.036145
1.525919	-0.036408
1.526910	-0.036575
1.527901	-0.036692
1.528891	-0.036850
1.529882	-0.036916
1.530873	-0.036772
1.531864	-0.036577
1.532855	-0.036484
1.533846	-0.036459
1.534836	-0.036473
1.535827	-0.036497
1.536818	-0.036453
1.537809	-0.036359
1.538800	-0.036210
1.539791	-0.035891
1.540782	-0.035573
1.541772	-0.035428
1.542763	-0.035492
1.543754	-0.035806
1.544745	-0.036220
1.545736	-0.036537
1.546727	-0.036676
1.547718	-0.036691
1.548708	-0.036703
1.549699	-0.036739
1.550690	-0.036828
1.551681	-0.037013
1.552672	-0.037132
1.553663	-0.037165
1.554654	-0.037257
1.555644	-0.037370
1.556635	-0.037428
1.557626	-0.037425
1.558617	-0.037340
1.559608	-0.037180
1.560599	-0.036951
1.561590	-0.036718
1.562580	-0.036616
1.563571	-0.036620
1.564562	-0.036607
1.565553	-0.036542
1.566544	-0.036436
1.567535	-0.036326
1.568526	-0.036316
1.569516	-0.036354
1.570507	-0.036376
1.571498	-0.036461
1.572489	-0.036596
1.573480	-0.036725
1.574471	-0.036809
1.575462	-0.036797
1.576452	-0.036685
1.577443	-0.036592
1.578434	-0.036637
1.579425	-0.036760
1.580416	-0.036810
1.581407	-0.036732
1.582398	-0.036590
1.583388	-0.036420
1.584379	-0.036292
1.585370	-0.036249
1.586361	-0.036256
1.587352	-0.036280
1.588343	-0.036310
1.589334	-0.036340
1.590324	-0.036339
1.591315	-0.036275
1.592306	-0.036217
1.593297	-0.036188
1.594288	-0.036177
1.595279	-0.036243
1.596270	-0.036365
1.597260	-0.036447
1.598251	-0.036452
1.599242	-0.036395
1.600233	-0.036298
1.601224	-0.036178
1.602215	-0.036045
1.603206	-0.035927
1.604196	-0.035796
1.605187	-0.035646
1.606178	-0.035513
1.607169	-0.035356
1.608160	-0.035178
1.609151	-0.034961
1.610142	-0.034749
1.611132	-0.034572
1.612123	-0.034390
1.613114	-0.034182
1.614105	-0.033974
1.615096	-0.033793
1.616087	-0.033629
1.617078	-0.033483
1.618068	-0.033340
1.619059	-0.033147
1.620050	-0.032924
1.621041	-0.032743
1.622032	-0.032596
1.623023	-0.032456
1.624014	-0.032297
1.625004	-0.032098
1.625995	-0.031902
1.626986	-0.031759
1.627977	-0.031617
1.628968	-0.031414
1.629959	-0.031173
1.630950	-0.030999
1.631940	-0.030904
1.632931	-0.030787
1.633922	-0.030614
1.634913	-0.030455
1.635904	-0.030302
1.636895	-0.030140
1.637886	-0.029964
1.638876	-0.029833
1.639867	-0.029745
1.640858	-0.029599
1.641849	-0.029393
1.642840	-0.029246
1.643831	-0.029140
1.644822	-0.028962
1.645812	-0.028786
1.646803	-0.028670
1.647794	-0.028479
1.648785	-0.028266
1.649776	-0.028139
1.650767	-0.028011
1.651758	-0.027823
1.652748	-0.027672
1.653739	-0.027572
1.654730	-0.027430
1.655721	-0.027273
1.656712	-0.027130
1.657703	-0.027002
1.658694	-0.026904
1.659684	-0.026817
1.660675	-0.026706
1.661666	-0.026572
1.662657	-0.026430
1.663648	-0.026305
1.664639	-0.026182
1.665630	-0.026015
1.666620	-0.025855
1.667611	-0.025736
1.668602	-0.025622
1.669593	-0.025531
1.670584	-0.025441
1.671575	-0.025297
1.672566	-0.025141
1.673556	-0.025030
1.674547	-0.024921
1.675538	-0.024802
1.676529	-0.024695
1.677520	-0.024597
1.678511	-0.024466
1.679502	-0.024312
1.680492	-0.024202
1.681483	-0.024132
1.682474	-0.024030
1.683465	-0.023914
1.684456	-0.023798
1.685447	-0.023713
1.686438	-0.023641
1.687428	-0.023518
1.688419	-0.023368
1.689410	-0.023283
1.690401	-0.023228
1.691392	-0.023119
1.692383	-0.022971
1.693374	-0.022853
1.694364	-0.022736
1.695355	-0.022649
1.696346	-0.022592
1.697337	-0.022485
1.698328	-0.022332
1.699319	-0.022196
1.700310	-0.022078
1.701300	-0.021998
1.702291	-0.021940
1.703282	-0.021844
1.704273	-0.021723
1.705264	-0.021573
1.706255	-0.021445
1.707246	-0.021406
1.708236	-0.021336
1.709227	-0.021198
1.710218	-0.021080
1.711209	-0.021003
1.712200	-0.020918
1.713191	-0.020806
1.714182	-0.020704
1.715172	-0.020633
1.716163	-0.020537
1.717154	-0.020421
1.718145	-0.020314
1.719136	-0.020207
1.720127	-0.020093
1.721117	-0.019977
1.722108	-0.019890
1.723099	-0.019791
1.724090	-0.019640
1.725081	-0.019465
1.726072	-0.019310
1.727063	-0.019183
1.728053	-0.019065
1.729044	-0.018935
1.730035	-0.018799
1.731026	-0.018645
1.732017	-0.018475
1.733008	-0.018331
1.733999	-0.018232
1.734989	-0.018112
1.735980	-0.017931
1.736971	-0.017705
1.737962	-0.017476
1.738953	-0.017270
1.739944	-0.017087
1.740935	-0.016890
1.741925	-0.016688
1.742916	-0.016484
1.743907	-0.016289
1.744898	-0.016081
1.745889	-0.015846
1.746880	-0.015620
1.747871	-0.015452
1.748861	-0.015299
1.749852	-0.015104
1.750843	-0.014891
1.751834	-0.014684
1.752825	-0.014489
1.753816	-0.014297
1.754807	-0.014103
1.755797	-0.013903
1.756788	-0.013687
1.757779	-0.013465
1.758770	-0.013234
1.759761	-0.012981
1.760752	-0.012725
1.761743	-0.012503
1.762733	-0.012330
1.763724	-0.012160
1.764715	-0.011967
1.765706	-0.011763
1.766697	-0.011546
1.767688	-0.011321
1.768679	-0.011100
1.769669	-0.010882
1.770660	-0.010669
1.771651	-0.010456
1.772642	-0.010249
1.773633	-0.010045
1.774624	-0.009849
1.775615	-0.009637
1.776605	-0.009423
1.777596	-0.009207
1.778587	-0.009005
1.779578	-0.008837
1.780569	-0.008667
1.781560	-0.008476
1.782551	-0.008276
1.783541	-0.008075
1.784532	-0.007876
1.785523	-0.007682
1.786514	-0.007485
1.787505	-0.007286
1.788496	-0.007087
1.789487	-0.006893
1.790477	-0.006709
1.791468	-0.006530
1.792459	-0.006352
1.793450	-0.006173
1.794441	-0.005994
1.795432	-0.005823
1.796423	-0.005658
1.797413	-0.005498
1.798404	-0.005340
1.799395	-0.005179
1.800386	-0.005016
1.801377	-0.004860
1.802368	-0.004707
1.803359	-0.004553
1.804349	-0.004396
1.805340	-0.004239
1.806331	-0.004081
1.807322	-0.003925
1.808313	-0.003772
1.809304	-0.003625
1.810295	-0.003481
1.811285	-0.003339
1.812276	-0.003198
1.813267	-0.003058
1.814258	-0.002919
1.815249	-0.002780
1.816240	-0.002644
1.817231	-0.002515
1.818221	-0.002389
1.819212	-0.002263
1.820203	-0.002136
1.821194	-0.002011
1.822185	-0.001889
1.823176	-0.001768
1.824167	-0.001646
1.825157	-0.001524
1.826148	-0.001401
1.827139	-0.001278
1.828130	-0.001157
1.829121	-0.001040
1.830112	-0.000926
1.831103	-0.000815
1.832093	-0.000706
1.833084	-0.000598
1.834075	-0.000493
1.835066	-0.000389
1.836057	-0.000287
1.837048	-0.000184
1.838039	-0.000082
1.839029	0.000017
1.840020	0.000112
1.841011	0.000206
1.842002	0.000299
1.842993	0.000394
1.843984	0.000486
1.844975	0.000578
1.845965	0.000669
1.846956	0.000763
1.847947	0.000857
1.848938	0.000954
1.849929	0.001049
1.850920	0.001144
1.851911	0.001238
1.852901	0.001331
1.853892	0.001423
1.854883	0.001516
1.855874	0.001607
1.856865	0.001699
1.857856	0.001788
1.858847	0.001877
1.859837	0.001963
1.860828	0.002046
1.861819	0.002126
1.862810	0.002207
1.863801	0.002286
1.864792	0.002365
1.865783	0.002443
1.866773	0.002522
1.867764	0.002603
1.868755	0.002690
1.869746	0.002777
1.870737	0.002861
1.871728	0.002939
1.872719	0.003019
1.873709	0.003102
1.874700	0.003188
1.875691	0.003271
1.876682	0.003351
1.877673	0.003427
1.878664	0.003498
1.879655	0.003557
1.880645	0.003621
1.881636	0.003698
1.882627	0.003777
1.883618	0.003847
1.884609	0.003913
1.885600	0.003975
1.886591	0.004040
1.887581	0.004107
1.888572	0.004174
1.889563	0.004240
1.890554	0.004307
1.891545	0.004377
1.892536	0.004447
1.893527	0.004514
1.894517	0.004583
1.895508	0.004652
1.896499	0.004721
1.897490	0.004786
1.898481	0.004850
1.899472	0.004911
1.900462	0.004972
1.901453	0.005029
1.902444	0.005081
1.903435	0.005129
1.904426	0.005176
1.905417	0.005225
1.906408	0.005278
1.907398	0.005334
1.908389	0.005391
1.909380	0.005447
1.910371	0.005502
1.911362	0.005559
1.912353	0.005616
1.913344	0.005672
1.914334	0.005726
1.915325	0.005780
1.916316	0.005837
1.917307	0.005893
1.918298	0.005951
1.919289	0.006007
1.920280	0.006061
1.921270	0.006114
1.922261	0.006168
1.923252	0.006219
1.924243	0.006270
1.925234	0.006319
1.926225	0.006368
1.927216	0.006417
1.928206	0.006463
1.929197	0.006506
1.930188	0.006548
1.931179	0.006593
1.932170	0.006639
1.933161	0.006686
1.934152	0.006733
1.935142	0.006780
1.936133	0.006829
1.937124	0.006877
1.938115	0.006928
1.939106	0.006980
1.940097	0.007030
1.941088	0.007077
1.942078	0.007122
1.943069	0.007167
1.944060	0.007210
1.945051	0.007253
1.946042	0.007296
1.947033	0.007340
1.948024	0.007386
1.949014	0.007434
1.950005	0.007482
1.950996	0.007529
1.951987	0.007573
1.952978	0.007616
1.953969	0.007659
1.954960	0.007701
1.955950	0.007745
1.956941	0.007792
1.957932	0.007842
1.958923	0.007895
1.959914	0.007944
1.960905	0.007988
1.961896	0.008030
1.962886	0.008071
1.963877	0.008113
1.964868	0.008155
1.965859	0.008195
1.966850	0.008235
1.967841	0.008274
1.968832	0.008314
1.969822	0.008353
1.970813	0.008394
1.971804	0.008437
1.972795	0.008479
1.973786	0.008520
1.974777	0.008562
1.975768	0.008602
1.976758	0.008641
1.977749	0.008679
1.978740	0.008719
1.979731	0.008762
1.980722	0.008807
1.981713	0.008848
1.982704	0.008887
1.983694	0.008923
1.984685	0.008961
1.985676	0.008998
1.986667	0.009035
1.987658	0.009071
1.988649	0.009107
1.989640	0.009140
1.990630	0.009173
1.991621	0.009205
1.992612	0.009237
1.993603	0.009269
1.994594	0.009302
1.995585	0.009335
1.996576	0.009369
1.997566	0.009403
1.998557	0.009435
1.999548	0.009465
2.000539	0.009494
2.001530	0.009523
2.002521	0.009556
2.003512	0.009591
2.004502	0.009629
2.005493	0.009662
2.006484	0.009691
2.007475	0.009718
2.008466	0.009748
2.009457	0.009775
2.010448	0.009799
2.011438	0.009820
2.012429	0.009842
2.013420	0.009866
2.014411	0.009893
2.015402	0.009920
2.016393	0.009948
2.017384	0.009976
2.018374	0.010006
2.019365	0.010036
2.020356	0.010070
2.021347	0.010100
2.022338	0.010132
2.023329	0.010165
2.024320	0.010201
2.025310	0.010235
2.026301	0.010269
2.027292	0.010299
2.028283	0.010329
2.029274	0.010355
2.030265	0.010379
2.031256	0.010402
2.032246	0.010426
2.033237	0.010451
2.034228	0.010479
2.035219	0.010507
2.036210	0.010538
2.037201	0.010568
2.038192	0.010600
2.039182	0.010629
2.040173	0.010663
2.041164	0.010698
2.042155	0.010731
2.043146	0.010760
2.044137	0.010789
2.045128	0.010817
2.046118	0.010845
2.047109	0.010869
2.048100	0.010895
2.049091	0.010916
2.050082	0.010935
2.051073	0.010956
2.052064	0.010980
2.053054	0.011001
2.054045	0.011023
2.055036	0.011042
2.056027	0.011060
2.057018	0.011076
2.058009	0.011096
2.059000	0.011117
2.059990	0.011140
2.060981	0.011161
2.061972	0.011183
2.062963	0.011203
2.063954	0.011225
2.064945	0.011247
2.065936	0.011269
2.066926	0.011288
2.067917	0.011307
2.068908	0.011328
2.069899	0.011353
2.070890	0.011374
2.071881	0.011395
2.072872	0.011416
2.073862	0.011439
2.074853	0.011458
2.075844	0.011478
2.076835	0.011496
2.077826	0.011520
2.078817	0.011541
2.079807	0.011561
2.080798	0.011580
2.081789	0.011602
2.082780	0.011621
2.083771	0.011640
2.084762	0.011659
2.085753	0.011681
2.086743	0.011700
2.087734	0.011722
2.088725	0.011742
2.089716	0.011762
2.090707	0.011781
2.091698	0.011802
2.092689	0.011820
2.093679	0.011837
2.094670	0.011851
2.095661	0.011868
2.096652	0.011886
2.097643	0.011907
2.098634	0.011926
2.099625	0.011944
2.100615	0.011960
2.101606	0.011976
2.102597	0.011991
2.103588	0.012011
2.104579	0.012030
2.105570	0.012049
2.106561	0.012066
2.107551	0.012087
2.108542	0.012109
2.109533	0.012133
2.110524	0.012154
2.111515	0.012174
2.112506	0.012193
2.113497	0.012213
2.114487	0.012230
2.115478	0.012249
2.116469	0.012266
2.117460	0.012284
2.118451	0.012300
2.119442	0.012316
2.120433	0.012330
2.121423	0.012346
2.122414	0.012362
2.123405	0.012380
2.124396	0.012396
2.125387	0.012413
2.126378	0.012431
2.127369	0.012452
2.128359	0.012471
2.129350	0.012489
2.130341	0.012506
2.131332	0.012523
2.132323	0.012539
2.133314	0.012557
2.134305	0.012574
2.135295	0.012590
2.136286	0.012603
2.137277	0.012620
2.138268	0.012639
2.139259	0.012660
2.140250	0.012678
2.141241	0.012695
2.142231	0.012708
2.143222	0.012721
2.144213	0.012735
2.145204	0.012755
2.146195	0.012774
2.147186	0.012792
2.148177	0.012809
2.149167	0.012828
2.150158	0.012845
2.151149	0.012863
2.152140	0.012876
2.153131	0.012889
2.154122	0.012901
2.155113	0.012914
2.156103	0.012928
2.157094	0.012945
2.158085	0.012960
2.159076	0.012972
2.160067	0.012981
2.161058	0.012993
2.162049	0.013006
2.163039	0.013023
2.164030	0.013039
2.165021	0.013055
2.166012	0.013070
2.167003	0.013087
2.167994	0.013100
2.168985	0.013113
2.169975	0.013126
2.170966	0.013141
2.171957	0.013154
2.172948	0.013168
2.173939	0.013182
2.174930	0.013197
2.175921	0.013209
2.176911	0.013221
2.177902	0.013232
2.178893	0.013243
2.179884	0.013254
2.180875	0.013269
2.181866	0.013280
2.182857	0.013290
2.183847	0.013300
2.184838	0.013311
2.185829	0.013318
2.186820	0.013329
2.187811	0.013341
2.188802	0.013355
2.189793	0.013366
2.190783	0.013380
2.191774	0.013393
2.192765	0.013409
2.193756	0.013424
2.194747	0.013441
2.195738	0.013456
2.196729	0.013470
2.197719	0.013479
2.198710	0.013490
2.199701	0.013498
2.200692	0.013506
2.201683	0.013514
2.202674	0.013528
2.203665	0.013541
2.204655	0.013555
2.205646	0.013565
2.206637	0.013575
2.207628	0.013584
2.208619	0.013597
2.209610	0.013608
2.210601	0.013620
2.211591	0.013630
2.212582	0.013642
2.213573	0.013652
2.214564	0.013664
2.215555	0.013675
2.216546	0.013688
2.217537	0.013700
2.218527	0.013713
2.219518	0.013723
2.220509	0.013733
2.221500	0.013739
2.222491	0.013748
2.223482	0.013759
2.224473	0.013770
2.225463	0.013778
2.226454	0.013789
2.227445	0.013800
2.228436	0.013811
2.229427	0.013821
2.230418	0.013834
2.231409	0.013847
2.232399	0.013860
2.233390	0.013869
2.234381	0.013879
2.235372	0.013885
2.236363	0.013894
2.237354	0.013903
2.238345	0.013913
2.239335	0.013921
2.240326	0.013930
2.241317	0.013938
2.242308	0.013949
2.243299	0.013959
2.244290	0.013970
2.245281	0.013980
2.246271	0.013990
2.247262	0.013998
2.248253	0.014007
2.249244	0.014016
2.250235	0.014026
2.251226	0.014034
2.252217	0.014047
2.253207	0.014059
2.254198	0.014071
2.255189	0.014080
2.256180	0.014091
2.257171	0.014099
2.258162	0.014107
2.259152	0.014113
2.260143	0.014120
2.261134	0.014128
2.262125	0.014139
2.263116	0.014147
2.264107	0.014156
2.265098	0.014164
2.266088	0.014174
2.267079	0.014184
2.268070	0.014196
2.269061	0.014203
2.270052	0.014208
2.271043	0.014210
2.272034	0.014216
2.273024	0.014227
2.274015	0.014239
2.275006	0.014248
2.275997	0.014257
2.276988	0.014263
2.277979	0.014272
2.278970	0.014281
2.279960	0.014292
2.280951	0.014301
2.281942	0.014308
2.282933	0.014309
2.283924	0.014311
2.284915	0.014318
2.285906	0.014333
2.286896	0.014344
2.287887	0.014354
2.288878	0.014364
2.289869	0.014375
2.290860	0.014381
2.291851	0.014388
2.292842	0.014394
2.293832	0.014401
2.294823	0.014407
2.295814	0.014416
2.296805	0.014424
2.297796	0.014435
2.298787	0.014445
2.299778	0.014456
2.300768	0.014464
2.301759	0.014472
2.302750	0.014477
2.303741	0.014484
2.304732	0.014492
2.305723	0.014501
2.306714	0.014505
2.307704	0.014510
2.308695	0.014515
2.309686	0.014522
2.310677	0.014527
2.311668	0.014533
2.312659	0.014538
2.313650	0.014544
2.314640	0.014545
2.315631	0.014547
2.316622	0.014551
2.317613	0.014559
2.318604	0.014564
2.319595	0.014568
2.320586	0.014571
2.321576	0.014576
2.322567	0.014583
2.323558	0.014593
2.324549	0.014597
2.325540	0.014599
2.326531	0.014599
2.327522	0.014603
2.328512	0.014606
2.329503	0.014610
2.330494	0.014614
2.331485	0.014620
2.332476	0.014625
2.333467	0.014631
2.334458	0.014636
2.335448	0.014646
2.336439	0.014660
2.337430	0.014674
2.338421	0.014677
2.339412	0.014670
2.340403	0.014661
2.341394	0.014659
2.342384	0.014661
2.343375	0.014666
2.344366	0.014669
2.345357	0.014675
2.346348	0.014680
2.347339	0.014684
2.348330	0.014687
2.349320	0.014692
2.350311	0.014696
2.351302	0.014699
2.352293	0.014699
2.353284	0.014701
2.354275	0.014704
2.355266	0.014709
2.356256	0.014712
2.357247	0.014714
2.358238	0.014716
2.359229	0.014723
2.360220	0.014732
2.361211	0.014738
2.362202	0.014743
2.363192	0.014750
2.364183	0.014753
2.365174	0.014755
2.366165	0.014758
2.367156	0.014763
2.368147	0.014767
2.369138	0.014771
2.370128	0.014773
2.371119	0.014776
2.372110	0.014776
2.373101	0.014770
2.374092	0.014757
2.375083	0.014757
2.376074	0.014774
2.377064	0.014790
2.378055	0.014794
2.379046	0.014795
2.380037	0.014795
2.381028	0.014795
2.382019	0.014797
2.383010	0.014800
2.384000	0.014804
2.384991	0.014807
2.385982	0.014808
2.386973	0.014809
2.387964	0.014810
2.388955	0.014812
2.389946	0.014814
2.390936	0.014817
2.391927	0.014821
2.392918	0.014823
2.393909	0.014823
2.394900	0.014821
2.395891	0.014821
2.396882	0.014823
2.397872	0.014824
2.398863	0.014824
2.399854	0.014824
2.400845	0.014824
2.401836	0.014826
2.402827	0.014832
2.403818	0.014837
2.404808	0.014841
2.405799	0.014843
2.406790	0.014842
2.407781	0.014838
2.408772	0.014835
2.409763	0.014834
2.410754	0.014836
2.411744	0.014839
2.412735	0.014844
2.413726	0.014848
2.414717	0.014850
2.415708	0.014851
2.416699	0.014851
2.417690	0.014851
2.418680	0.014854
2.419671	0.014860
2.420662	0.014866
2.421653	0.014869
2.422644	0.014866
2.423635	0.014862
2.424626	0.014860
2.425616	0.014858
2.426607	0.014858
2.427598	0.014858
2.428589	0.014856
2.429580	0.014853
2.430571	0.014849
2.431562	0.014846
2.432552	0.014844
2.433543	0.014841
2.434534	0.014839
2.435525	0.014838
2.436516	0.014834
2.437507	0.014826
2.438497	0.014821
2.439488	0.014818
2.440479	0.014813
2.441470	0.014807
2.442461	0.014801
2.443452	0.014798
2.444443	0.014798
2.445433	0.014799
2.446424	0.014797
2.447415	0.014791
2.448406	0.014784
2.449397	0.014778
2.450388	0.014775
2.451379	0.014774
2.452369	0.014772
2.453360	0.014770
2.454351	0.014766
2.455342	0.014763
2.456333	0.014759
2.457324	0.014757
2.458315	0.014755
2.459305	0.014754
2.460296	0.014752
2.461287	0.014747
2.462278	0.014739
2.463269	0.014734
2.464260	0.014730
2.465251	0.014725
2.466241	0.014716
2.467232	0.014707
2.468223	0.014698
2.469214	0.014693
2.470205	0.014688
2.471196	0.014685
2.472187	0.014679
2.473177	0.014675
2.474168	0.014672
2.475159	0.014669
2.476150	0.014666
2.477141	0.014665
2.478132	0.014663
2.479123	0.014661
2.480113	0.014657
2.481104	0.014653
2.482095	0.014649
2.483086	0.014645
2.484077	0.014640
2.485068	0.014632
2.486059	0.014625
2.487049	0.014624
2.488040	0.014625
2.489031	0.014624
2.490022	0.014618
2.491013	0.014613
2.492004	0.014605
2.492995	0.014596
2.493985	0.014587
2.494976	0.014579
2.495967	0.014570
2.496958	0.014564
2.497949	0.014557
2.498940	0.014552
2.499931	0.014544
2.500921	0.014537
2.501912	0.014530
2.502903	0.014525
2.503894	0.014518
2.504885	0.014511
2.505876	0.014502
2.506867	0.014498
2.507857	0.014493
2.508848	0.014487
2.509839	0.014478
2.510830	0.014469
2.511821	0.014460
2.512812	0.014453
2.513803	0.014445
2.514793	0.014439
2.515784	0.014432
2.516775	0.014427
2.517766	0.014419
2.518757	0.014412
2.519748	0.014403
2.520739	0.014396
2.521729	0.014388
2.522720	0.014384
2.523711	0.014377
2.524702	0.014373
2.525693	0.014365
2.526684	0.014359
2.527675	0.014349
2.528665	0.014341
2.529656	0.014330
2.530647	0.014323
2.531638	0.014316
2.532629	0.014311
2.533620	0.014300
2.534611	0.014291
2.535601	0.014281
2.536592	0.014276
2.537583	0.014272
2.538574	0.014269
2.539565	0.014261
2.540556	0.014252
2.541547	0.014241
2.542537	0.014235
2.543528	0.014227
2.544519	0.014223
2.545510	0.014217
2.546501	0.014212
2.547492	0.014201
2.548483	0.014190
2.549473	0.014178
2.550464	0.014171
2.551455	0.014163
2.552446	0.014156
2.553437	0.014146
2.554428	0.014138
2.555419	0.014126
2.556409	0.014117
2.557400	0.014105
2.558391	0.014101
2.559382	0.014094
2.560373	0.014087
2.561364	0.014075
2.562355	0.014065
2.563345	0.014055
2.564336	0.014049
2.565327	0.014039
2.566318	0.014030
2.567309	0.014019
2.568300	0.014013
2.569291	0.014006
2.570281	0.014001
2.571272	0.013994
2.572263	0.013988
2.573254	0.013979
2.574245	0.013970
2.575236	0.013957
2.576227	0.013949
2.577217	0.013939
2.578208	0.013932
2.579199	0.013922
2.580190	0.013915
2.581181	0.013901
2.582172	0.013888
2.583163	0.013877
2.584153	0.013870
2.585144	0.013861
2.586135	0.013856
2.587126	0.013848
2.588117	0.013838
2.589108	0.013826
2.590099	0.013816
2.591089	0.013804
2.592080	0.013795
2.593071	0.013784
2.594062	0.013775
2.595053	0.013764
2.596044	0.013757
2.597035	0.013746
2.598025	0.013736
2.599016	0.013725
2.600007	0.013717
2.600998	0.013707
2.601989	0.013698
2.602980	0.013685
2.603971	0.013676
2.604961	0.013663
2.605952	0.013651
2.606943	0.013635
2.607934	0.013626
2.608925	0.013618
2.609916	0.013610
2.610907	0.013597
2.611897	0.013586
2.612888	0.013573
2.613879	0.013560
2.614870	0.013546
2.615861	0.013535
2.616852	0.013521
2.617842	0.013507
2.618833	0.013494
2.619824	0.013484
2.620815	0.013473
2.621806	0.013463
2.622797	0.013449
2.623788	0.013436
2.624778	0.013423
2.625769	0.013411
2.626760	0.013397
2.627751	0.013382
2.628742	0.013368
2.629733	0.013361
2.630724	0.013353
2.631714	0.013340
2.632705	0.013323
2.633696	0.013310
2.634687	0.013299
2.635678	0.013290
2.636669	0.013276
2.637660	0.013260
2.638650	0.013243
2.639641	0.013229
2.640632	0.013214
2.641623	0.013200
2.642614	0.013185
2.643605	0.013171
2.644596	0.013156
2.645586	0.013142
2.646577	0.013130
2.647568	0.013119
2.648559	0.013107
2.649550	0.013095
2.650541	0.013080
2.651532	0.013066
2.652522	0.013052
2.653513	0.013039
2.654504	0.013027
2.655495	0.013015
2.656486	0.013002
2.657477	0.012988
2.658468	0.012973
2.659458	0.012959
2.660449	0.012943
2.661440	0.012929
2.662431	0.012915
2.663422	0.012901
2.664413	0.012889
2.665404	0.012879
2.666394	0.012864
2.667385	0.012844
2.668376	0.012825
2.669367	0.012811
2.670358	0.012797
2.671349	0.012782
2.672340	0.012768
2.673330	0.012755
2.674321	0.012744
2.675312	0.012730
2.676303	0.012716
2.677294	0.012701
2.678285	0.012686
2.679276	0.012669
2.680266	0.012653
2.681257	0.012638
2.682248	0.012626
2.683239	0.012611
2.684230	0.012595
2.685221	0.012575
2.686212	0.012557
2.687202	0.012537
2.688193	0.012520
2.689184	0.012503
2.690175	0.012486
2.691166	0.012466
2.692157	0.012448
2.693148	0.012429
2.694138	0.012413
2.695129	0.012396
2.696120	0.012381
2.697111	0.012367
2.698102	0.012354
2.699093	0.012337
2.700084	0.012320
2.701074	0.012301
2.702065	0.012286
2.703056	0.012269
2.704047	0.012253
2.705038	0.012239
2.706029	0.012231
2.707020	0.012220
2.708010	0.012208
2.709001	0.012193
2.709992	0.012179
2.710983	0.012164
2.711974	0.012152
2.712965	0.012142
2.713956	0.012140
2.714946	0.012138
2.715937	0.012135
2.716928	0.012118
2.717919	0.012095
2.718910	0.012070
2.719901	0.012048
2.720892	0.012027
2.721882	0.012011
2.722873	0.011996
2.723864	0.011985
2.724855	0.011971
2.725846	0.011961
2.726837	0.011949
2.727828	0.011940
2.728818	0.011926
2.729809	0.011911
2.730800	0.011894
2.731791	0.011881
2.732782	0.011866
2.733773	0.011852
2.734764	0.011837
2.735754	0.011827
2.736745	0.011817
2.737736	0.011808
2.738727	0.011794
2.739718	0.011782
2.740709	0.011766
2.741700	0.011755
2.742690	0.011741
2.743681	0.011729
2.744672	0.011714
2.745663	0.011702
2.746654	0.011688
2.747645	0.011680
2.748636	0.011668
2.749626	0.011656
2.750617	0.011640
2.751608	0.011628
2.752599	0.011613
2.753590	0.011603
2.754581	0.011590
2.755572	0.011581
2.756562	0.011570
2.757553	0.011563
2.758544	0.011553
2.759535	0.011543
2.760526	0.011528
2.761517	0.011517
2.762508	0.011503
2.763498	0.011496
2.764489	0.011485
2.765480	0.011477
2.766471	0.011463
2.767462	0.011453
2.768453	0.011441
2.769444	0.011431
2.770434	0.011415
2.771425	0.011399
2.772416	0.011380
2.773407	0.011365
2.774398	0.011349
2.775389	0.011341
2.776380	0.011331
2.777370	0.011321
2.778361	0.011304
2.779352	0.011290
2.780343	0.011276
2.781334	0.011265
2.782325	0.011250
2.783316	0.011241
2.784306	0.011229
2.785297	0.011223
2.786288	0.011213
2.787279	0.011201
2.788270	0.011184
2.789261	0.011170
2.790252	0.011156
2.791242	0.011149
2.792233	0.011138
2.793224	0.011131
2.794215	0.011118
2.795206	0.011105
2.796197	0.011088
2.797188	0.011078
2.798178	0.011068
2.799169	0.011058
2.800160	0.011043
2.801151	0.011030
2.802142	0.011014
2.803133	0.011003
2.804123	0.010994
2.805114	0.010988
2.806105	0.010978
2.807096	0.010967
2.808087	0.010951
2.809078	0.010936
2.810069	0.010922
2.811059	0.010910
2.812050	0.010896
2.813041	0.010885
2.814032	0.010874
2.815023	0.010865
2.816014	0.010854
2.817005	0.010844
2.817995	0.010832
2.818986	0.010820
2.819977	0.010805
2.820968	0.010793
2.821959	0.010780
2.822950	0.010771
2.823941	0.010761
2.824931	0.010752
2.825922	0.010741
2.826913	0.010730
2.827904	0.010714
2.828895	0.010699
2.829886	0.010683
2.830877	0.010670
2.831867	0.010656
2.832858	0.010642
2.833849	0.010627
2.834840	0.010617
2.835831	0.010605
2.836822	0.010594
2.837813	0.010581
2.838803	0.010568
2.839794	0.010555
2.840785	0.010545
2.841776	0.010533
2.842767	0.010516
2.843758	0.010496
2.844749	0.010487
2.845739	0.010483
2.846730	0.010478
2.847721	0.010468
2.848712	0.010456
2.849703	0.010442
2.850694	0.010429
2.851685	0.010417
2.852675	0.010408
2.853666	0.010402
2.854657	0.010393
2.855648	0.010379
2.856639	0.010363
2.857630	0.010347
2.858621	0.010332
2.859611	0.010320
2.860602	0.010310
2.861593	0.010300
2.862584	0.010286
2.863575	0.010271
2.864566	0.010255
2.865557	0.010239
2.866547	0.010223
2.867538	0.010208
2.868529	0.010194
2.869520	0.010184
2.870511	0.010173
2.871502	0.010162
2.872493	0.010150
2.873483	0.010141
2.874474	0.010131
2.875465	0.010121
2.876456	0.010109
2.877447	0.010097
2.878438	0.010085
2.879429	0.010074
2.880419	0.010063
2.881410	0.010052
2.882401	0.010036
2.883392	0.010019
2.884383	0.010005
2.885374	0.009995
2.886365	0.009984
2.887355	0.009974
2.888346	0.009962
2.889337	0.009951
2.890328	0.009939
2.891319	0.009927
2.892310	0.009913
2.893301	0.009898
2.894291	0.009884
2.895282	0.009871
2.896273	0.009859
2.897264	0.009848
2.898255	0.009837
2.899246	0.009828
2.900237	0.009812
2.901227	0.009789
2.902218	0.009772
2.903209	0.009768
2.904200	0.009763
2.905191	0.009754
2.906182	0.009741
2.907173	0.009729
2.908163	0.009714
2.909154	0.009699
2.910145	0.009683
2.911136	0.009671
2.912127	0.009659
2.913118	0.009651
2.914109	0.009642
2.915099	0.009636
2.916090	0.009625
2.917081	0.009612
2.918072	0.009596
2.919063	0.009585
2.920054	0.009572
2.921045	0.009562
2.922035	0.009550
2.923026	0.009542
2.924017	0.009533
2.925008	0.009526
2.925999	0.009512
2.926990	0.009501
2.927981	0.009490
2.928971	0.009483
2.929962	0.009473
2.930953	0.009464
2.931944	0.009452
2.932935	0.009446
2.933926	0.009438
2.934917	0.009432
2.935907	0.009422
2.936898	0.009414
2.937889	0.009404
2.938880	0.009398
2.939871	0.009387
2.940862	0.009378
2.941853	0.009365
2.942843	0.009358
2.943834	0.009349
2.944825	0.009340
2.945816	0.009324
2.946807	0.009310
2.947798	0.009292
2.948789	0.009277
2.949779	0.009261
2.950770	0.009252
2.951761	0.009243
2.952752	0.009238
2.953743	0.009227
2.954734	0.009217
2.955725	0.009205
2.956715	0.009202
2.957706	0.009194
2.958697	0.009189
2.959688	0.009179
2.960679	0.009170
2.961670	0.009155
2.962661	0.009149
2.963651	0.009141
2.964642	0.009138
2.965633	0.009128
2.966624	0.009120
2.967615	0.009104
2.968606	0.009094
2.969597	0.009083
2.970587	0.008927
2.971578	0.009092
2.972569	0.009090
