Temps	Consigne	Mesure
0	0	33.5000000000000
29.9998077331110	0	33.6800000000000
59.9996160948649	0	34.1800000000000
89.9994238279759	0	35.2600000000000
119.999231561087	0	37.3400000000000
149.999039922840	0	39.8400000000000
179.998847655951	0	43.6600000000000
209.998656017705	0	54.8200000000000
239.998463750816	0	68.2200000000000
269.998272112570	87.3333400000000	84.5600000000000
299.998079845681	107.333300000000	97.5800000000000
329.997887578792	127.333300000000	115.740000000000
359.997695940546	147.066700000000	139.560000000000
389.997503673657	166.666700000000	163.500000000000
419.997312035411	186.666700000000	185.500000000000
449.997119768522	206.666700000000	205.560000000000
479.996928130276	226	223.780000000000
509.997599618509	246	242.840000000000
539.997407980263	250.400000000000	257.240000000000
569.997215713374	250.883300000000	254.300000000000
599.997024075128	251.383300000000	249.460000000000
629.996831808239	251.883300000000	249.560000000000
659.996639541350	252.383300000000	251.740000000000
689.996447903104	252.866700000000	252.700000000000
719.996255636215	253.366700000000	252.500000000000
749.996063997969	253.866700000000	252.280000000000
779.995871731080	254.366700000000	252.300000000000
809.995680092833	254.844400000000	252.783300000000
839.995487825945	255.333300000000	253.320000000000
869.995295559056	255.841700000000	253.925000000000
899.995103920809	256.341700000000	254.350000000000
929.994911653921	256.820000000000	254.780000000000
959.994720015674	257.325000000000	255.116700000000
989.994527748785	257.816700000000	255.620000000000
1019.99433611053	258.316700000000	256.100000000000
1049.99500759877	258.800000000000	256.600000000000
1079.99481596052	259.300000000000	257.100000000000
1110.00672003719	259.800000000000	257.600000000000
1140.01948786899	260.300000000000	258.060000000000
1170.03225570078	260.783300000000	258.860000000000
1200.04415977746	261.283300000000	259.240000000000
1230.05692760925	261.783300000000	259.460000000000
1260.06969606969	262.276700000000	259.800000000000
1290.08246390148	262.766700000000	260.300000000000
1320.09436797816	263.266700000000	260.920000000000
1350.10022388305	263.766700000000	261.460000000000
1380.10003161616	264.253300000000	261.920000000000
1410.10070373304	264.750000000000	262.360000000000
1440.10051209479	265.250000000000	262.840000000000
1470.10031982790	265.750000000000	263.300000000000
1500.10012756101	266.236700000000	263.820000000000
1530.09993592277	266.733300000000	264.300000000000
1560.09974365588	267.233300000000	264.780000000000
1590.09955201763	267.733300000000	265.300000000000
1620.09935975074	268.223300000000	265.740000000000
1650.09916811250	268.716700000000	266.240000000000
1680.09897584561	269.216700000000	267.060000000000
1710.09878357872	269.716700000000	267.480000000000
1740.09859194047	270.216700000000	267.600000000000
1770.09839967358	270.700000000000	267.960000000000
1800.09820803534	271.200000000000	268.500000000000
1830.09801576845	271.700000000000	269.100000000000
1860.09782413020	272.193300000000	269.620000000000
1890.09763186331	272.683300000000	270.100000000000
1920.09743959642	273.183300000000	270.580000000000
1950.09724795818	273.683300000000	271.040000000000
1980.09792007505	274.183300000000	271.520000000000
2010.09772780817	274.670000000000	272
2040.09753554128	275.166700000000	272.500000000000
2070.09734390303	275.666700000000	272.960000000000
2100.09715163614	276.166700000000	273.460000000000
2130.09695999789	276.653300000000	273.940000000000
2160.09676773101	277.150000000000	274.420000000000
2190.09657609276	277.650000000000	274.960000000000
2220.09638382587	278.150000000000	275.700000000000
2250.09619155898	278.633300000000	276.100000000000
2280.09599992074	279.133300000000	276.300000000000
2310.09580765385	279.633300000000	276.600000000000
2340.09561601560	280.130000000000	277.200000000000
2370.09542374871	280.616700000000	277.780000000000
2400.09523211047	281.116700000000	278.340000000000
2430.09503984358	281.616700000000	278.800000000000
2460.09484757669	282.116700000000	279.220000000000
2490.09465593844	282.600000000000	279.700000000000
2520.09532805532	283.100000000000	280.140000000000
2550.09513578843	283.600000000000	280.700000000000
2580.09494352154	284.100000000000	281.460000000000
2610.09475188329	284.583300000000	281.920000000000
2640.09455961640	285.083300000000	282.100000000000
2670.09436797816	285.583300000000	282.520000000000
2700.09417571127	286.083300000000	283.040000000000
2730.09398407302	286.566700000000	283.600000000000
2760.09379180613	287.066700000000	284.100000000000
2790.09359953925	287.566700000000	284.560000000000
2820.09340790100	288.063300000000	285.060000000000
2850.09321563411	288.550000000000	285.540000000000
2880.09302399586	289.050000000000	286.040000000000
2910.09283172897	289.550000000000	286.520000000000
2940.09264009073	290.050000000000	287.020000000000
2970.09244782384	290.533300000000	287.500000000000
3000.09225555695	291.033300000000	287.980000000000
3030.09206391870	291.533300000000	288.480000000000
3060.09187165182	292.033300000000	288.980000000000
3090.09254376869	292.516700000000	289.460000000000
3120.09235213045	293.016700000000	289.920000000000
3150.09215986356	293.516700000000	290.780000000000
3180.09196759667	294.003300000000	291.100000000000
3210.09177595842	294.500000000000	291.300000000000
3240.09158369153	295	291.620000000000
3270.09139205329	295.500000000000	292.280000000000
3300.09119978640	295.993300000000	292.840000000000
3330.09100751951	296.475000000000	293.350000000000
3360.09081588126	296.983300000000	293.820000000000
3390.09062361437	297.475000000000	294.275000000000
3420.09043197613	297.972200000000	294.766700000000
3450.09023970924	298.450000000000	295.240000000000
3480.09004807099	298.950000000000	295.740000000000
3510.08985580410	299.450000000000	296.220000000000
3540.08966353721	299.950000000000	296.680000000000
3570.08947189897	300.433300000000	297.160000000000
3600.08927963208	300.933300000000	297.620000000000
3630.09686367586	301.433300000000	298.140000000000
3660.09580765385	301.923300000000	298.920000000000
3690.09647977072	302.416700000000	299.480000000000
3720.09628813248	302.916700000000	299.600000000000
3750.09609586559	303.416700000000	299.940000000000
3780.09590359870	303.916700000000	300.500000000000
3810.09571196045	304.403300000000	301.080000000000
3840.09551969356	304.900000000000	301.600000000000
3870.09532805532	305.400000000000	302.060000000000
3900.09513578843	305.900000000000	302.520000000000
3930.09494352154	306.400000000000	303.020000000000
3960.09475188329	306.883300000000	303.500000000000
3990.09455961640	307.383300000000	304
4020.09436797816	307.883300000000	304.500000000000
4050.09417571127	308.376700000000	305
4080.09398407302	308.866700000000	305.500000000000
4110.09379180613	309.366700000000	305.980000000000
4140.09359953925	309.866700000000	306.480000000000
4170.09340790100	310.366700000000	307.180000000000
4200.09321563411	310.850000000000	307.700000000000
4230.09302399586	311.350000000000	307.860000000000
4260.09369611274	311.850000000000	308.200000000000
4290.09350384585	312.346700000000	308.800000000000
4320.09331157896	312.833300000000	309.400000000000
4350.09311994072	313.333300000000	309.840000000000
4380.09292767383	313.833300000000	310.300000000000
4410.09273603558	314.326700000000	310.800000000000
4440.09254376869	314.816700000000	311.280000000000
4470.09235213045	315.316700000000	311.800000000000
4500.09215986356	315.813300000000	312.280000000000
4530.09196759667	316.300000000000	312.800000000000
4560.09177595842	316.800000000000	313.300000000000
4590.09158369153	317.300000000000	313.720000000000
4620.09139205329	317.793300000000	314.240000000000
4650.09119978640	318.283300000000	314.720000000000
4680.09100751951	318.783300000000	315.200000000000
4710.09081588126	319.283300000000	315.880000000000
4740.09062361437	319.783300000000	316.520000000000
4770.09043197613	320.266700000000	316.640000000000
4800.09023970924	320.766700000000	317
4830.09004807099	321.266700000000	317.520000000000
4860.09071955922	321.756700000000	318.100000000000
4890.09052792098	322.250000000000	318.600000000000
4920.09033565409	322.750000000000	319.100000000000
4950.09014401584	323.250000000000	319.560000000000
4980.08995174895	323.733300000000	320.040000000000
5010.08976011071	324.233300000000	320.520000000000
5040.08956784382	324.733300000000	321.100000000000
5070.08937557693	325.233300000000	321.560000000000
5100.08918393868	325.716700000000	322
5130.08899167180	326.216700000000	322.500000000000
5160.08880003355	326.716700000000	323
5190.08860776666	327.216700000000	323.500000000000
5220.08841612841	327.700000000000	324.180000000000
5250.08822386153	328.200000000000	324.800000000000
5280.08803159464	328.700000000000	324.940000000000
5310.08783995639	329.200000000000	325.260000000000
5340.08764768950	329.683300000000	325.820000000000
5370.08745605126	330.183300000000	326.440000000000
5400.08726378437	330.683300000000	326.920000000000
5430.08707151748	331.183300000000	327.340000000000
5460.08774363435	331.670000000000	327.820000000000
5490.08755199611	332.166700000000	328.360000000000
5520.08735972922	332.666700000000	328.860000000000
5550.08716809097	333.166700000000	329.300000000000
5580.08697582408	333.650000000000	329.800000000000
5610.08678355719	334.133300000000	330.300000000000
5640.08659191895	334.650000000000	330.800000000000
5670.08639965206	335.141700000000	331.316700000000
5700.08620801381	335.616700000000	331.740000000000
5730.08601574692	336.125000000000	332.250000000000
5760.08668786380	336.625000000000	332.683300000000
5790.08649559691	337.125000000000	333.550000000000
5820.08630395866	337.610000000000	333.960000000000
5850.08611169178	338.100000000000	334.020000000000
5880.08592005353	338.600000000000	334.480000000000
5910.09436785243	339.100000000000	335.140000000000
5940.09503996931	339.583300000000	335.720000000000
5970.09484770242	340.083300000000	336.100000000000
6000.09465606417	340.583300000000	336.600000000000
6030.09446379728	341.083300000000	337.060000000000
6060.09427153039	341.566700000000	337.600000000000
6090.09407989215	342.066700000000	338.100000000000
6120.09388762526	342.566700000000	338.580000000000
6150.09369598701	343.066700000000	339.040000000000
6180.09350372012	343.550000000000	339.580000000000
6210.09331208188	344.050000000000	340.060000000000
6240.09311981499	344.550000000000	340.580000000000
6270.09292754810	345.050000000000	341
6300.09273590985	345.533300000000	341.840000000000
6330.09254364296	346.033300000000	342.080000000000
6360.09235200472	346.533300000000	342.300000000000
6390.09215973783	347.033300000000	342.880000000000
6420.09196809958	347.516700000000	343.500000000000
6450.09177583269	348.016700000000	343.980000000000
6480.09244794957	348.516700000000	344.400000000000
6510.09225568268	349.016700000000	344.880000000000
6540.09206404443	349.500000000000	345.460000000000
6570.09187177754	350	345.880000000000
6600.09168013930	350.500000000000	346.340000000000
6630.09148787241	350.986700000000	346.840000000000
6660.09129560552	351.483300000000	347.320000000000
6690.09110396727	351.983300000000	347.860000000000
6720.09091170039	352.483300000000	348.320000000000
6750.09072006214	352.966700000000	348.800000000000
6780.09052779525	353.466700000000	349.300000000000
6810.09033552836	353.966700000000	350.060000000000
6840.09014389012	354.466700000000	350.500000000000
6870.08995162323	354.956700000000	350.600000000000
6900.08975998498	355.450000000000	351.100000000000
6930.08956771809	355.950000000000	351.720000000000
6960.08937607984	356.450000000000	352.260000000000
6990.08918381296	356.933300000000	352.720000000000
7020.08899154607	357.433300000000	353.140000000000
7050.08966366294	357.933300000000	353.680000000000
7080.08947202470	358.426700000000	354.140000000000
7110.08927975781	358.916700000000	354.640000000000
7140.08908811956	359.416700000000	355.100000000000
7170.08889585267	359.916700000000	355.600000000000
7200.08870358578	360.410000000000	356.140000000000
7230.08851194754	360.900000000000	356.600000000000
7260.08831968065	361.400000000000	357.100000000000
7290.08812804240	361.900000000000	357.600000000000
7320.08793577551	362.386700000000	358.420000000000
7350.08860789239	362.883300000000	358.800000000000
7380.08755187038	363.383300000000	358.940000000000
7410.08735960349	363.883300000000	359.460000000000
7440.08716796524	364.366700000000	360.040000000000
7470.08697569835	364.866700000000	360.540000000000
7500.08678406011	365.366700000000	361.020000000000
7530.08659179322	365.863300000000	361.520000000000
7560.08639952633	366.350000000000	361.980000000000
7590.08620788808	366.850000000000	362.480000000000
7620.08601562120	367.350000000000	362.980000000000
7650.08582398295	367.843300000000	363.440000000000
7680.08563171606	368.333300000000	363.940000000000
7710.08544007781	368.833300000000	364.440000000000
7740.08524781093	369.333300000000	364.960000000000
7770.08505554404	369.820000000000	365.380000000000
7800.08486390579	370.316700000000	365.920000000000
7830.08467163890	370.808300000000	366.375000000000
7860.08448000065	371.308300000000	366.900000000000
7890.08515211753	371.813300000000	367.700000000000
7920.08582360576	372.283300000000	367.800000000000
7950.08649572264	372.791700000000	368.133300000000
7980.08630408439	373.291700000000	368.800000000000
8010.08611181750	373.776700000000	369.300000000000
8040.08591955062	374.266700000000	369.760000000000
8070.08572791237	374.775000000000	370.233300000000
8100.08553564548	375.266700000000	370.780000000000
8130.08534400723	375.750000000000	371.240000000000
8160.08515174034	376.250000000000	371.720000000000
8190.09446392301	376.750000000000	372.260000000000
8220.10723175480	377.250000000000	372.680000000000
8250.11999958660	377.733300000000	373.220000000000
8280.13190366327	378.233300000000	373.620000000000
8310.14380773995	378.733300000000	374.120000000000
8340.15657557174	379.233300000000	374.600000000000
8370.16847964841	379.716700000000	375.120000000000
8400.18038372509	380.216700000000	376
8430.19228780176	380.716700000000	376.200000000000
8460.20419187843	381.216700000000	376.440000000000
8490.21609595511	381.710000000000	377.100000000000
8520.22886378690	382.200000000000	377.600000000000
8550.24076786357	382.700000000000	378.080000000000
8580.25267194025	383.200000000000	378.520000000000
8610.26457601692	383.693300000000	379.060000000000
8640.27734384872	384.183300000000	379.500000000000
8670.28924792539	384.683300000000	380.040000000000
8700.30115200206	385.183300000000	380.520000000000
8730.31391983386	385.676700000000	381
8760.32582391053	386.166700000000	381.480000000000
8790.33859174232	386.666700000000	382
8820.35049581900	387.166700000000	382.480000000000
8850.36239989567	387.663400000000	382.980000000000
8880.37516772747	388.150000000000	383.540000000000
8910.38707180414	388.650000000000	384.160000000000
8940.39983963593	389.150000000000	384.300000000000
8970.41174371261	389.633300000000	384.760000000000
9000.42451154440	390.133300000000	385.460000000000
9030.43641562107	390.633300000000	385.900000000000
9060.45004783663	391.133300000000	386.300000000000
9090.44985556975	391.616700000000	386.820000000000
9120.44966393150	392.116700000000	387.340000000000
9150.44947166461	392.616700000000	387.800000000000
9180.44928002636	393.116700000000	388.320000000000
9210.44908775947	393.600000000000	388.780000000000
9240.44889612123	394.100000000000	389.300000000000
9270.44870385434	394.600000000000	389.800000000000
9300.44851158745	395.083300000000	390.280000000000
9330.44831994920	395.583300000000	390.780000000000
9360.44812768232	396.083300000000	391.260000000000
9390.44793604407	396.583300000000	391.720000000000
9420.44774377718	397.076700000000	392.280000000000
9450.44755213893	397.566700000000	393.080000000000
9480.44735987205	398.066700000000	393.120000000000
9510.44716760516	398.566700000000	393.580000000000
9540.44611158315	399.050000000000	394.160000000000
9570.44591994490	399.550000000000	394.760000000000
9600.44572767801	400.050000000000	395.080000000000
9630.44553603976	400.546700000000	395.680000000000
9660.44534377288	401.033300000000	396.120000000000
9690.44515213463	401.533300000000	396.640000000000
9720.44495986774	402.033300000000	397.040000000000
9750.44476760085	402.530000000000	397.600000000000
9780.44457596261	403.016700000000	398.080000000000
9810.44438369572	403.516700000000	398.500000000000
9840.44419205747	404.016700000000	399.080000000000
9870.44399979058	404.506700000000	399.560000000000
9900.44380752369	405	400.020000000000
9930.44361588545	405.500000000000	400.520000000000
9960.44342361856	406	401.360000000000
9990.44323198031	406.490000000000	401.380000000000
10020.4430397134	406.983300000000	401.800000000000
10050.4428480751	407.483300000000	402.540000000000
10080.4426558082	407.983300000000	402.960000000000
10110.4424635414	408.466700000000	403.420000000000
10140.4422719031	408.966700000000	403.940000000000
10170.4420796362	409.466700000000	404.500000000000
10200.4418879980	409.966700000000	404.880000000000
10230.4416957311	410.450000000000	405.340000000000
10260.4415040928	410.950000000000	405.860000000000
10290.4413118259	411.450000000000	406.360000000000
10320.4411195591	411.943300000000	406.840000000000
10350.4409279208	412.433300000000	407.460000000000
10380.4407356539	412.933300000000	407.840000000000
10410.4405440157	413.433300000000	408.300000000000
10440.4403517488	413.923400000000	409.220000000000
10470.4401601105	414.416700000000	409.380000000000
10500.4399678437	414.916700000000	409.580000000000
10530.4397755768	415.416700000000	410.240000000000
10560.4395839385	415.916700000000	410.800000000000
10590.4393916716	416.400000000000	411.280000000000
10620.4392000334	416.900000000000	411.700000000000
10650.4381440114	417.400000000000	412.260000000000
10680.4379517445	417.900000000000	412.700000000000
10710.4377601062	418.383300000000	413.240000000000
10740.4375678393	418.883300000000	413.680000000000
10770.4373755725	419.383300000000	414.220000000000
10800.4371839342	419.883300000000	414.640000000000
10830.4369916673	420.366700000000	415.100000000000
10860.4368000291	420.866700000000	415.660000000000
10890.4366077622	421.366700000000	416.100000000000
10920.4364161239	421.866700000000	416.600000000000
10950.4362238571	422.360000000000	417.100000000000
10980.4360315902	422.841700000000	417.800000000000
11010.4358399519	423.341700000000	418.325000000000
11040.4356476850	423.841700000000	418.433300000000
11070.4354560468	424.337500000000	418.900000000000
11100.4352637799	424.816700000000	419.640000000000
11130.4350721416	425.325000000000	420
11160.4348798748	425.825000000000	420.516700000000
11190.4346876079	426.313300000000	421
11220.4344959696	426.800000000000	421.500000000000
11250.4343037027	427.300000000000	422
11280.4341120645	427.800000000000	422.500000000000
11310.4339197976	428.286700000000	422.960000000000
11340.4449601192	428.783300000000	423.460000000000
11370.4447678523	429.283300000000	423.900000000000
11400.4445755854	429.783300000000	424.480000000000
11430.4443839471	430.266700000000	424.880000000000
11460.4441916802	430.766700000000	425.360000000000
11490.4440000420	431.266700000000	426.260000000000
11520.4438077751	431.766700000000	426.440000000000
11550.4436161369	432.250000000000	426.620000000000
11580.4434238700	432.750000000000	427.360000000000
11610.4432316031	433.250000000000	427.820000000000
11640.4430399648	433.733300000000	428.340000000000
11670.4428476979	434.233300000000	428.800000000000
11700.4426560597	434.733300000000	429.320000000000
11730.4424637928	435.233300000000	429.820000000000
11760.4422715259	435.716700000000	430.320000000000
11790.4420798877	436.216700000000	430.800000000000
11820.4418876208	436.716700000000	431.260000000000
11850.4416959825	437.216700000000	431.760000000000
11880.4415037157	437.700000000000	432.240000000000
11910.4413120774	438.200000000000	432.640000000000
11940.4411198105	438.700000000000	433.220000000000
11970.4409275436	439.200000000000	433.660000000000
12000.4407359054	439.683300000000	434.220000000000
12030.4405436385	440.183300000000	434.980000000000
12060.4403520002	440.683300000000	435.300000000000
12090.4401597334	441.183300000000	435.480000000000
12120.4399680951	441.666700000000	436.100000000000
12150.4397758282	442.166700000000	436.760000000000
12180.4395835613	442.666700000000	437.040000000000
12210.4393919231	443.166700000000	437.600000000000
12240.4391996562	443.653400000000	438.100000000000
12270.4390080180	444.150000000000	438.580000000000
12300.4388157511	444.650000000000	439.100000000000
12330.4386241128	445.150000000000	439.560000000000
12360.4384318459	445.636700000000	442.120000000000
12390.4382395790	446.133400000000	445.240000000000
12420.4380479408	446.633400000000	447.240000000000
12450.4378556739	447.133400000000	448.520000000000
12480.4376640357	447.616700000000	449
12510.4374717688	448.116700000000	448.840000000000
12540.4372801305	448.616700000000	449.100000000000
12570.4370878636	449.116700000000	449.220000000000
12600.4368955967	449.600000000000	449.320000000000
12630.4367039585	454	449.620000000000
12660.4365116916	474	464.560000000000
12690.4363200534	493.333300000000	494.720000000000
12720.4361277865	513.333300000000	506.260000000000
12750.4359355196	533.333300000000	532.080000000000
12780.4357438813	553.333300000000	547.380000000000
12810.4355516145	572.666700000000	569.600000000000
12840.4353599762	592.666700000000	587
12870.4351677093	612.666700000000	607.320000000000
12900.4349760711	632.400000000000	625.840000000000
12930.4347838042	652	645.240000000000
12960.4345915373	672	664.280000000000
12990.4343998990	692	683.340000000000
13020.4342076322	711.333300000000	702.080000000000
13050.4340159939	731.333300000000	721.960000000000
13080.4338237270	751.333300000000	740.340000000000
13110.4336320888	770.933300000000	759.620000000000
13140.4334398219	790.666700000000	778.920000000000
13170.4332475550	810.666700000000	798.620000000000
13200.4330559168	830.400000000000	818.380000000000
13230.4328636499	849.666700000000	838.600000000000
13260.4335357667	869.666700000000	858.783300000000
13290.4333441285	889.666700000000	878.800000000000
13320.4331518616	900	893.820000000000
13350.4329595947	900	900.733300000000
13380.4327679565	900	906
13410.4325756896	900	909
13440.4323840513	900	909.940000000000
13470.4321917844	900	909.750000000000
13500.4319995176	900	909.220000000000
13530.4318078793	900	908
13560.4316156124	900	906.860000000000
13590.4314239742	900	905.860000000000
13620.4433280508	900	904.620000000000
13650.4560958826	900	903
13680.4679999593	900	902.340000000000
13710.4807677911	900	901.820000000000
13740.4935356229	900	900.940000000000
13770.5054396996	900	900.740000000000
13800.5182075314	900	900.140000000000
13830.5309759918	900	899.760000000000
13860.5368318967	900	899.860000000000
13890.5366396298	900	899.900000000000
13920.5364479916	900	899.560000000000
13950.5362557247	900	899.960000000000
13980.5360640864	900	899.820000000000
14010.5358718195	900	899.700000000000
14040.5356795527	900	899.800000000000
14070.5354879144	900	899.900000000000
14100.5352956475	900	900.040000000000
14130.5351040093	900	900.140000000000
14160.5349117424	900	900.020000000000
14190.5347201041	900	900.260000000000
14220.5345278372	900	900.180000000000
14250.5343355704	900	900.100000000000
14280.5341439321	900	900.040000000000
14310.5339516652	900	900.340000000000
14340.5337600270	900	900.080000000000
14370.5335677601	900	900.380000000000
14400.5333761218	900	900.100000000000
14430.5331838550	900	900
14460.5329915881	900	900.100000000000
14490.5327999498	900	900.060000000000
14520.5326076829	900	900.020000000000
14550.5324160447	900	900.020000000000
14580.5322237778	900	900.180000000000
14610.5320321395	900	900.080000000000
14640.5318398727	900	900.280000000000
14670.5316476058	900	900.160000000000
14700.5314559675	900	899.980000000000
14730.5312637006	900	900.020000000000
14760.5310720624	900	900.040000000000
14790.5317435506	900	900.040000000000
14820.5315519124	900	900
14850.5313596455	900	900
14880.5311680072	900	900
14910.5309757404	900	900
14940.5307841021	900	899.780000000000
14970.5305918352	900	899.920000000000
15000.5303995683	900	900.100000000000
15030.5302079301	900	899.820000000000
15060.5300156632	900	900
15090.5298240249	900	900
15120.5296317581	900	900.340000000000
15150.5294401198	900	900.100000000000
15180.5292478529	900	899.880000000000
15210.5290555860	900	900.060000000000
15240.5288639478	900	900.020000000000
15270.5286716809	900	900.080000000000
15300.5284800427	900	899.900000000000
15330.5282877758	900	900.280000000000
15360.5280961375	900	900.060000000000
15390.5279038706	900	900.040000000000
15420.5277116037	900	900
15450.5275199655	900	900
15480.5273276986	900	900.080000000000
15510.5271360604	900	899.900000000000
15540.5269437935	900	900.020000000000
15570.5267515266	900	900
15600.5265598883	900	899.880000000000
15630.5263676214	900	900.160000000000
15660.5261759832	900	900.100000000000
15690.5259837163	900	900.280000000000
15720.5257920781	900	900
15750.5255998112	900	900.040000000000
15780.5254075443	900	900.050000000000
15810.5260796612	900	899.900000000000
15840.5258880229	900	900.540000000000
15870.5256957560	900	899.850000000000
15900.5255041178	900	900.075000000000
15930.5253118509	900	899.980000000000
15960.5251195840	900	899.940000000000
15990.5249279458	900	900.080000000000
16020.5256000626	900	899.980000000000
16050.5254077957	900	899.820000000000
16080.5269436677	900	900
16110.5405758833	900	899.920000000000
16140.5403836164	900	899.880000000000
16170.5401919782	900	900
16200.5399997113	900	900.140000000000
16230.5398080730	900	900.040000000000
16260.5396158061	900	899.920000000000
16290.5394235393	900	900.240000000000
16320.5392319010	900	900.060000000000
16350.5390396341	900	899.780000000000
16380.5388479959	900	900.060000000000
16410.5386557290	900	899.800000000000
16440.5384640907	900	899.900000000000
16470.5382718238	900	900.040000000000
16500.5380795570	900	899.880000000000
16530.5387516738	900	900.020000000000
16560.5385600356	900	899.980000000000
16590.5383677687	900	899.920000000000
16620.5381761305	900	899.940000000000
16650.5379838636	900	900.300000000000
16680.5377915967	900	900.120000000000
16710.5375999584	900	900.060000000000
16740.5374076915	900	900.120000000000
16770.5372160533	900	900.020000000000
16800.5370237864	900	900.240000000000
16830.5368315195	900	900.080000000000
16860.5366398813	900	900.120000000000
16890.5364476144	900	899.900000000000
16920.5362559761	900	899.920000000000
16950.5360637092	900	900.100000000000
16980.5358720710	900	900.020000000000
17010.5356798041	900	900.080000000000
17040.5354875372	900	900.040000000000
17070.5352958990	900	899.840000000000
17100.5351036321	900	899.900000000000
17130.5349119938	900	900.280000000000
17160.5347197270	900	899.980000000000
17190.5345280887	900	899.980000000000
17220.5343358218	900	900.060000000000
17250.5341435549	900	900.140000000000
17280.5339519167	900	899.980000000000
17310.5337596498	900	899.720000000000
17340.5335680115	900	900.120000000000
17370.5333757447	900	899.800000000000
17400.5331841064	900	900.100000000000
17430.5338555946	900	899.960000000000
17460.5336639564	900	899.760000000000
17490.5334716895	900	899.820000000000
17520.5332800513	900	900.240000000000
17550.5330877844	900	900.040000000000
17580.5328955175	900	899.980000000000
17610.5327038792	900	900.060000000000
17640.5325116124	900	900
17670.5323199741	900	900.020000000000
17700.5321277072	900	900.240000000000
17730.5319360690	900	900
17760.5317438021	900	900.020000000000
17790.5315515352	900	899.940000000000
17820.5313598969	900	900.180000000000
17850.5311676301	900	900.180000000000
17880.5309759918	900	900.020000000000
17910.5307837249	900	899.940000000000
17940.5305920867	900	900
17970.5303998198	900	899.740000000000
18000.5302075529	900	900.080000000000
18030.5300159147	900	900.040000000000
18060.5298236478	900	899.760000000000
18090.5296320095	900	900
18120.5294397426	900	900.020000000000
18150.5292481044	900	900
18180.5290558375	900	899.866700000000
18210.5288635706	900	900.400000000000
18240.5295356875	900	900
18270.5310715595	900	900.080000000000
18300.5317436764	900	900.020000000000
18330.5324157932	900	900.140000000000
18360.5322235263	900	900
18390.5320318881	900	900.060000000000
18420.5318396212	900	900.280000000000
18450.5316479830	900	900.040000000000
18480.5314557161	900	900.160000000000
18510.5312640778	900	899.960000000000
18540.5310718109	900	899.860000000000
18570.5317439278	900	900
18600.5315516609	900	899.960000000000
18630.5313600227	900	899.900000000000
18660.5311677558	900	899.880000000000
18690.5309761175	900	899.860000000000
18720.5307838506	900	900.240000000000
18750.5305915838	900	900.160000000000
18780.5303999455	900	900.100000000000
18810.5302076786	900	900.100000000000
18840.5300160404	900	900.060000000000
18870.5298237735	900	900.100000000000
18900.5296321352	900	900.100000000000
18930.5294398684	900	899.920000000000
18960.5292476015	900	899.940000000000
18990.5290559632	900	899.980000000000
19020.5288636963	900	899.880000000000
19050.5286720581	900	899.860000000000
19080.5284797912	900	899.900000000000
19110.5282875243	900	899.840000000000
19140.5280958861	900	900
19170.5279036192	900	899.880000000000
19200.5277119809	900	899.900000000000
19230.5275197140	900	899.900000000000
19260.5273280758	900	899.740000000000
19290.5271358089	900	899.980000000000
19320.5269435420	900	900.120000000000
19350.5267519038	900	900.040000000000
19380.5265596369	900	900.180000000000
19410.5272317538	900	899.660000000000
19440.5270401155	900	899.840000000000
19470.5268478486	900	900
19500.5266555817	900	899.960000000000
19530.5264639435	900	899.860000000000
19560.5262716766	900	900.060000000000
19590.5260800383	900	899.840000000000
19620.5258877715	900	899.880000000000
19650.5256961332	900	900
19680.5255038663	900	900.120000000000
19710.5253115994	900	899.840000000000
19740.5251199612	900	900.160000000000
19770.5249276943	900	900.040000000000
19800.5247360561	900	900
19830.5254075443	900	900.020000000000
19860.5252159060	900	900.240000000000
19890.5250236392	900	900.020000000000
19920.5248320009	900	900.180000000000
19950.5246397340	900	900
19980.5253118509	900	900.040000000000
20010.5251195840	900	900.200000000000
20040.5249279458	900	899.880000000000
20070.5247356789	900	900.100000000000
20100.5245440406	900	899.640000000000
20130.5243517737	900	899.920000000000
20160.5241601355	900	899.780000000000
20190.5239678686	900	899.820000000000
20220.5237756017	900	899.940000000000
20250.5235839635	900	899.900000000000
20280.5233916966	900	900.150000000000
20310.5232000583	900	900.060000000000
20340.5230077914	900	900.040000000000
20370.5228155246	900	900.020000000000
20400.5226238863	900	899.800000000000
20430.5224316194	900	900.075000000000
20460.5222399812	900	900
20490.5220477143	900	900.140000000000
20520.5218560760	900	899.920000000000
20550.5225275643	900	900.020000000000
20580.5214715423	900	899.960000000000
20610.5221436591	887.333300000000	897.580000000000
20640.5219520209	867.333300000000	881.680000000000
20670.5217597540	847.466700000000	862.720000000000
20700.5215681158	828	841.220000000000
20730.5213758489	808	817.580000000000
20760.5211835820	788	793.100000000000
20790.5209919437	768.400000000000	770.880000000000
20820.5207996768	748.666700000000	751.500000000000
20850.5206080386	728.666700000000	731.800000000000
20880.5204157717	708.666700000000	711.960000000000
20910.5202241335	689.333300000000	693.340000000000
20940.5200318666	669.333300000000	673.580000000000
20970.5198395997	649.333300000000	653.580000000000
21000.5196479614	629.600000000000	634.460000000000
21030.5194556945	610	615.200000000000
21060.5192640563	590	595.620000000000
21090.5190717894	570.400000000000	575.720000000000
21120.5188795225	550.666700000000	556.260000000000
21150.5186878843	530.666700000000	536.880000000000
21180.5184956174	510.666700000000	517.800000000000
21210.5183039791	491.333300000000	498.280000000000
21240.5181117122	471.333300000000	477.980000000000
21270.5187838291	451.333300000000	457.900000000000
21300.5185915622	432	437.980000000000
21330.5183999240	412	417.940000000000
21360.5182076571	392	398.380000000000
21390.5180160189	372.533300000000	379.460000000000
21420.5178237520	352.666700000000	361.960000000000
21450.5176321137	332.666700000000	346.420000000000
21480.5174398468	313.066700000000	330.500000000000
21510.5172475799	293.333300000000	311.620000000000
21540.5170559417	273.333300000000	294
21570.5168636748	253.333300000000	278.780000000000
21600.5166720366	233.466700000000	268.600000000000
21630.5164797697	214	259.240000000000
21660.5162881314	194	250.760000000000
21690.5160958645	174	241.080000000000
21720.5167679814	154.533300000000	229.880000000000
21750.5157119594	134.666700000000	218.300000000000
21780.5181115865	114.666700000000	207.500000000000
21810.5179199483	94.6666500000000	197.320000000000
21840.5177276814	75.0666500000000	187.780000000000
21870.5175360431	55.3333100000000	178.820000000000
21900.5182075314	35.3333100000000	170.560000000000
21930.5171521380	0	162.900000000000
21960.5169598711	0	155.800000000000
21990.5167676042	0	149.140000000000
22020.5165759660	0	143
22050.5163836991	0	137.220000000000
22080.5161920608	0	131.960000000000
22110.5168635491	0	127.020000000000
22140.5158075271	0	122.480000000000
22170.5164796439	0	118.280000000000
22200.5162880057	0	114.400000000000
22230.5160957388	0	110.860000000000
22260.5167678557	0	107.520000000000
22290.5157118337	0	104.420000000000
22320.5155195668	0	101.800000000000
22350.5153279285	0	99.3200000000000
22380.5151356616	0	96.8800000000000
22410.5166715336	0	94.6000000000000
22440.5164798954	0	92.4800000000000
22470.5171520123	0	90.4800000000000
22500.5169597454	0	88.6250000000000
22530.5176318623	0	86.8500000000000
22560.5174395954	0	85.2200000000000
22590.5172479571	0	83.6000000000000
22620.5170556902	0	82.1000000000000
22650.5168640520	0	80.7500000000000
22680.5166717851	0	79.4250000000000
22710.5164795182	0	78.2000000000000
22740.5162878800	0	77.0600000000000
22770.5160956131	0	75.9400000000000
22800.5219515180	0	74.9800000000000
22830.5208961246	0	74.1400000000000
22860.5207038577	0	73.2600000000000
22890.5205115908	0	72.4000000000000
22920.5203199526	0	71.5600000000000
22950.5201276857	0	70.7600000000000
22980.5199360474	0	70
23010.5197437806	0	69.2400000000000
23040.5195521423	0	68.5200000000000
23070.5193598754	0	67.8000000000000
23100.5191676085	0	67.1400000000000
23130.5189759703	0	66.5200000000000
23160.5187837034	0	65.9400000000000
23190.5194558203	0	65.3400000000000
23220.5192635534	0	64.8000000000000
23250.5190719151	0	64.2800000000000
23280.5188796482	0	63.7800000000000
23310.5186880100	0	63.2600000000000
23340.5184957431	0	62.8200000000000
23370.5183041049	0	62.5200000000000
23400.5181118380	0	62.1200000000000
23430.5179195711	0	61.7200000000000
23460.5177279328	0	61.3000000000000
23490.5175356660	0	60.9400000000000
23520.5173440277	0	60.5600000000000
23550.5171517608	0	60.1200000000000
23580.5169601226	0	59.8000000000000
23610.5167678557	0	59.4400000000000
23640.5165755888	0	59.1000000000000
23670.5163839505	0	58.8000000000000
23700.5161916837	0	58.4400000000000
23730.5160000454	0	58.1000000000000
23760.5158077785	0	57.8000000000000
23790.5156161403	0	57.5000000000000
23820.5154238734	0	57.1800000000000
23850.5152316065	0	57
23880.5150399683	0	56.8000000000000
23910.5148477014	0	56.5600000000000
23940.5146560631	0	56.3000000000000
23970.5144637962	0	56.0600000000000
24000.5142715293	0	55.7800000000000
24030.5149436462	0	55.5000000000000
24060.5147520080	0	55.3000000000000
24090.5145597411	0	55.1000000000000
24120.5143681028	0	54.8000000000000
24150.5141758359	0	54.5800000000000
24180.5139835691	0	54.3400000000000
24210.5137919308	0	54.1000000000000
24240.5135996639	0	53.9400000000000
24270.5134080257	0	53.7000000000000
24300.5132157588	0	53.5000000000000
24330.5130241205	0	53.3000000000000
24360.5128318537	0	53.1000000000000
24390.5126395868	0	53
24420.5124479485	0	52.8800000000000
24450.5122556816	0	52.6600000000000
24480.5120640434	0	52.5400000000000
24510.5118717765	0	52.3600000000000
24540.5116801382	0	52.1800000000000
24570.5114878714	0	52.0200000000000
24600.5112956045	0	51.8400000000000
24630.5111039662	0	51.6800000000000
24660.5109116993	0	51.5000000000000
24690.5107200611	0	51.3800000000000
24720.5105277942	0	51.2200000000000
24750.5103355273	0	51.0750000000000
24780.5101438891	0	50.9000000000000
24810.5099516222	0	50.7600000000000
24840.5097599839	0	50.6000000000000
24870.5095677170	0	50.4600000000000
24900.5102398339	0	50.3600000000000
24930.5100475670	0	50.3000000000000
24960.5098559288	0	50.2000000000000
24990.5096636619	0	50.0600000000000
25020.5094720236	0	49.9800000000000
25050.5118716508	0	49.8000000000000
25080.5116800125	0	49.6400000000000
25110.5114877456	0	49.5200000000000
25140.5112961074	0	49.4000000000000
25170.5111038405	0	49.3000000000000
25200.5109115736	0	49.1200000000000
25230.5107199354	0	49
25260.5105276685	0	48.9000000000000
25290.5103360302	0	48.8000000000000
25320.5101437633	0	48.6200000000000
25350.5099521251	0	48.6000000000000
25380.5097598582	0	48.5000000000000
25410.5095675913	0	48.3000000000000
25440.5093759531	0	48.3000000000000
25470.5091836862	0	48.2800000000000
25500.5089920479	0	48.1000000000000
25530.5087997810	0	48.1000000000000
25560.5094718979	0	47.9800000000000
25590.5092796310	0	47.8400000000000
25620.5090879928	0	47.7800000000000
25650.5088957259	0	47.6000000000000
25680.5087040876	0	47.5000000000000
25710.5085118208	0	47.5000000000000
25740.5083195539	0	47.3000000000000
25770.5081279156	0	47.3000000000000
25800.5079356487	0	47.1200000000000
25830.5077440105	0	47.0800000000000
25860.5075517436	0	47
25890.5073601054	0	46.9000000000000
25920.5071678385	0	46.8000000000000
25950.5069755716	0	46.7600000000000
25980.5067839333	0	46.7000000000000
26010.5065916664	0	46.6000000000000
26040.5064000282	0	46.5800000000000
26070.5062077613	0	46.5000000000000
26100.5060161231	0	46.4200000000000
26130.5058238562	0	46.3200000000000
26160.5056315893	0	46.3000000000000
26190.5054399510	0	46.2000000000000
26220.5052476841	0	46.1000000000000
26250.5050560459	0	46
26280.5048637790	0	45.9800000000000
26310.5046721408	0	45.8600000000000
26340.5044798739	0	45.8000000000000
26370.5042876070	0	45.6600000000000
26400.5040959687	0	45.6000000000000
26430.5039037019	0	45.5600000000000
26460.5037120636	0	45.5000000000000
26490.5035197967	0	45.5000000000000
26520.5033275298	0	45.4400000000000
26550.5031358916	0	45.4000000000000
26580.5029436247	0	45.3000000000000
26610.5036157416	0	45.2800000000000
26640.5034241033	0	45.1400000000000
26670.5032318364	0	45.1000000000000
26700.5030395695	0	45.0200000000000
26730.5028479313	0	45
26760.5026556644	0	44.9600000000000
26790.5024640262	0	44.8200000000000
26820.5022717593	0	44.8000000000000
26850.5020801210	0	44.7000000000000
26880.5018878541	0	44.6400000000000
26910.5016955872	0	44.6000000000000
26940.5015039490	0	44.5800000000000
26970.5013116821	0	44.5000000000000
27000.5011200439	0	44.5000000000000
27030.5009277770	0	44.5000000000000
27060.5007361387	0	44.4000000000000
27090.5005438718	0	44.3250000000000
27120.5003516050	0	44.3000000000000
27150.5001599667	0	44.2000000000000
27180.4999676998	0	44.1000000000000
27210.4997760616	0	44.1000000000000
27240.4995837947	0	44.0400000000000
27270.4993915278	0	44
27300.4991998896	0	43.9000000000000
27330.4990076227	0	43.8000000000000
27360.5074560502	0	43.8000000000000
27390.5193601269	0	43.7600000000000
27420.5321279587	0	43.7000000000000
27450.5448957905	0	43.6000000000000
27480.5567998671	0	43.6000000000000
27510.5687039438	0	43.6000000000000
27540.5806080205	0	43.5800000000000
27570.5925120972	0	43.5000000000000
27600.6052799290	0	43.5000000000000
27630.6171840056	0	43.5000000000000
27660.6290880823	0	43.4000000000000
27690.6409915303	0	43.3000000000000
27720.6407998921	0	43.3000000000000
27750.6406076252	0	43.2200000000000
27780.6404159869	0	43.2000000000000
27810.6402237201	0	43.1000000000000
27840.6400320818	0	43.1000000000000
27870.6398398149	0	43.0800000000000
27900.6396475480	0	43
27930.6394559098	0	43
27960.6392636429	0	43
27990.6390720047	0	42.9800000000000
28020.6388797378	0	42.8800000000000
28050.6386880995	0	42.8000000000000
28080.6384958326	0	42.8000000000000
28110.6383035657	0	42.8000000000000
28140.6381119275	0	42.7400000000000
28170.6379196606	0	42.6800000000000
28200.6377280224	0	42.6200000000000
28230.6375357555	0	42.6000000000000
28260.6373441172	0	42.6000000000000
28290.6371518503	0	42.5000000000000
28320.6369595834	0	42.5000000000000
28350.6367679452	0	42.5000000000000
28380.6365756783	0	42.4000000000000
28410.6363840401	0	42.3600000000000
28440.6361917732	0	42.3000000000000
28470.6360001349	0	42.3000000000000
28500.6358078680	0	42.3000000000000
28530.6356156012	0	42.2800000000000
28560.6354239629	0	42.3000000000000
28590.6352316960	0	42.2200000000000
28620.6350400578	0	42.2000000000000
28650.6348477909	0	42.1400000000000
28680.6346555240	0	42.1000000000000
28710.6344638857	0	42.1000000000000
28740.6342716189	0	42.0600000000000
28770.6340799806	0	42.0400000000000
28800.6338877137	0	42
28830.6336960755	0	41.9600000000000
28860.6335038086	0	41.8800000000000
28890.6341759255	0	41.8000000000000
28920.6339836586	0	41.8000000000000
28950.6337920203	0	41.8000000000000
28980.6335997534	0	41.8000000000000
29010.6334081152	0	41.8000000000000
29040.6332158483	0	41.7800000000000
29070.6330235814	0	41.7000000000000
29100.6328319432	0	41.7000000000000
29130.6326396763	0	41.7000000000000
29160.6324480380	0	41.6000000000000
29190.6322557711	0	41.6000000000000
29220.6320641329	0	41.6000000000000
29250.6318718660	0	41.5200000000000
29280.6316795991	0	41.5000000000000
29310.6314879609	0	41.5000000000000
29340.6312956940	0	41.5000000000000
29370.6311040557	0	41.5000000000000
29400.6309117889	0	41.4000000000000
29430.6307195220	0	41.3600000000000
29460.6305278837	0	41.3000000000000
29490.6303356168	0	41.3000000000000
29520.6301439786	0	41.3000000000000
29550.6299517117	0	41.3000000000000
29580.6297600734	0	41.3000000000000
29610.6295678066	0	41.3000000000000
29640.6293755397	0	41.2833300000000
29670.6291839014	0	41.2000000000000
29700.6289916345	0	41.1800000000000
29730.6287999963	0	41.1400000000000
29760.6286077294	0	41.1200000000000
29790.6284160912	0	41.1000000000000
29820.6282238243	0	41.1000000000000
29850.6280315574	0	41.0600000000000
29880.6278399191	0	41
29910.6285120360	0	41
29940.6404161127	0	41
29970.6523195607	0	41
30000.6650880211	0	41
30030.6769920978	0	41
30060.6888955458	0	41
30090.6938876956	0	40.9000000000000
30120.6936960574	0	40.9000000000000
30150.6935037905	0	40.8600000000000
30180.6941759074	0	40.8000000000000
30210.6939836405	0	40.8200000000000
30240.6937920022	0	40.8000000000000
30270.6935997353	0	40.8000000000000
30300.6934080971	0	40.8000000000000
30330.6932158302	0	40.8000000000000
30360.6930235633	0	40.7000000000000
30390.6928319251	0	40.7000000000000
30420.6926396582	0	40.6400000000000
30450.6924480199	0	40.6000000000000
30480.6922557530	0	40.6000000000000
30510.6920641148	0	40.6000000000000
30540.6918718479	0	40.6000000000000
30570.6916795810	0	40.5800000000000
30600.6914879428	0	40.6000000000000
30630.6912956759	0	40.5000000000000
30660.6911040376	0	40.5200000000000
30690.6909117707	0	40.5000000000000
30720.6907201325	0	40.5000000000000
30750.6905278656	0	40.5000000000000
30780.6903355987	0	40.5000000000000
30810.6901439605	0	40.5000000000000
30840.6899516936	0	40.4200000000000
30870.6897600553	0	40.3800000000000
30900.6895677885	0	40.3000000000000
30930.6893755216	0	40.3200000000000
30960.6891838833	0	40.3000000000000
30990.6889916164	0	40.3000000000000
31020.6887999782	0	40.3000000000000
31050.6886077113	0	40.3000000000000
31080.6884160730	0	40.3000000000000
31110.6882238062	0	40.3000000000000
31140.6880315393	0	40.3000000000000
31170.6878399010	0	40.3000000000000
31200.6876476341	0	40.2600000000000
31230.6874559959	0	40.2400000000000
31260.6872637290	0	40.2000000000000
31290.6870720908	0	40.2000000000000
31320.6868798239	0	40.1400000000000
31350.6866875570	0	40.1000000000000
31380.6873596739	0	40.1000000000000
31410.6871680356	0	40.1000000000000
31440.6869757687	0	40.1000000000000
31470.6867841305	0	40.0200000000000
31500.6865918636	0	40
31530.6863995967	0	40
31560.6862079584	0	40.0200000000000
31590.6860156916	0	40
31620.6858240533	0	40
31650.6856317864	0	40
31680.6854395195	0	40
31710.6852478813	0	40
31740.6850556144	0	40
31770.6848639762	0	40
31800.6846717093	0	40
31830.6844800710	0	39.9200000000000
31860.6842878041	0	39.9400000000000
31890.6840955372	0	39.9000000000000
31920.6839038990	0	39.8400000000000
31950.6837116321	0	39.8250000000000
31980.6835199939	0	39.8000000000000
32010.6833277270	0	39.8000000000000
32040.6831360887	0	39.8000000000000
32070.6829438218	0	39.8000000000000
32100.6827515549	0	39.8000000000000
32130.6825599167	0	39.8000000000000
32160.6823676498	0	39.8000000000000
32190.6821760116	0	39.8000000000000
32220.6819837447	0	39.8000000000000
32250.6817921064	0	39.8000000000000
32280.6815998395	0	39.7800000000000
32310.6935039162	0	39.7000000000000
32340.7054079929	0	39.7000000000000
32370.7181758247	0	39.7000000000000
32400.7300799014	0	39.6800000000000
32430.7428477331	0	39.6000000000000
32460.7547518098	0	39.6200000000000
32490.7675196416	0	39.6000000000000
32520.7794237183	0	39.6000000000000
32550.7921915501	0	39.5800000000000
32580.8023681165	0	39.6000000000000
32610.8021758496	0	39.6000000000000
32640.8019835827	0	39.6000000000000
32670.8017919445	0	39.6000000000000
32700.8015996776	0	39.6000000000000
32730.8014080394	0	39.5800000000000
32760.8012157725	0	39.5400000000000
32790.8010241342	0	39.5200000000000
32820.8008318673	0	39.5000000000000
32850.8006396004	0	39.5000000000000
32880.8004479622	0	39.5000000000000
32910.8002556953	0	39.5000000000000
32940.8000640571	0	39.5000000000000
32970.7998717902	0	39.5000000000000
33000.7996795233	0	39.5000000000000
33030.7994878850	0	39.5000000000000
33060.7992956181	0	39.4800000000000
33090.7991039799	0	39.5000000000000
33120.7989117130	0	39.5000000000000
33150.7987200748	0	39.5000000000000
33180.7985278079	0	39.5000000000000
33210.7983355410	0	39.5000000000000
33240.7981439027	0	39.4400000000000
33270.7979516359	0	39.3800000000000
33300.7977599976	0	39.3200000000000
33330.7975677307	0	39.3400000000000
33360.7973760925	0	39.3200000000000
33390.7971838256	0	39.3000000000000
33420.7969915587	0	39.3000000000000
33450.7967999204	0	39.3000000000000
33480.7966076536	0	39.3000000000000
33510.7964160153	0	39.3000000000000
33540.7962237484	0	39.3000000000000
33570.7960321102	0	39.3000000000000
33600.7967035984	0	39.2200000000000
33630.7965119602	0	39.2400000000000
33660.7963196933	0	39.3000000000000
33690.7961280550	0	39.3000000000000
33720.7959357881	0	39.3000000000000
33750.7957435213	0	39.3000000000000
33780.7955518830	0	39.2800000000000
33810.7953596161	0	39.2000000000000
33840.7951679779	0	39.2000000000000
33870.7949757110	0	39.2000000000000
33900.7947840727	0	39.1600000000000
33930.7945918058	0	39.1000000000000
33960.7943995390	0	39.1200000000000
33990.7942079007	0	39.1000000000000
34020.7940156338	0	39.1000000000000
34050.7938239956	0	39.1000000000000
34080.7936317287	0	39.1000000000000
34110.7934400904	0	39.1000000000000
34140.7932478236	0	39.1000000000000
34170.7930555567	0	39.1000000000000
34200.7928639184	0	39.1000000000000
34230.7926716515	0	39.1000000000000
34260.7924800133	0	39.1000000000000
34290.7922877464	0	39.0800000000000
34320.7920961081	0	39.0600000000000
34350.7919038413	0	39.0200000000000
34380.7917115744	0	39
34410.7915199361	0	39.0200000000000
34440.7913276692	0	39
34470.7911360310	0	39
34500.7918075192	0	39
34530.7916158810	0	38.9833300000000
34560.7914236141	0	38.9800000000000
34590.7912319758	0	39
34620.7910397090	0	39
34650.7908480707	0	39
34680.7906558038	0	38.9750000000000
34710.7904635369	0	38.9800000000000
34740.7902718987	0	38.9600000000000
34770.7909440156	0	38.9800000000000
34800.7907517487	0	38.9800000000000
34830.7914238655	0	38.9200000000000
34860.7912315987	0	38.9200000000000
34890.7910399604	0	38.9200000000000
34920.7908476935	0	38.9200000000000
34950.7906560553	0	38.9000000000000
34980.7904637884	0	38.9000000000000
35010.7902715215	0	38.9000000000000
35040.7900798832	0	38.9000000000000
35070.7898876164	0	38.8600000000000
35100.7896959781	0	38.8000000000000
35130.7895037112	0	38.8600000000000
35160.7893120730	0	38.8800000000000
35190.7891198061	0	38.8800000000000
35220.7889275392	0	38.8400000000000
35250.7887359010	0	38.8600000000000
35280.7885436341	0	38.8000000000000
35310.7883519958	0	38.8400000000000
35340.7881597289	0	38.8200000000000
35370.7879680907	0	38.8000000000000
35400.7877758238	0	38.8000000000000
35430.7875835569	0	38.8000000000000
35460.7873919187	0	38.8000000000000
35490.7871996518	0	38.8000000000000
35520.7870080135	0	38.8000000000000
35550.7868157466	0	38.8000000000000
35580.7866241084	0	38.8000000000000
35610.7864318415	0	38.8000000000000
35640.7862395746	0	38.8000000000000
35670.7860479364	0	38.8000000000000
35700.7858556695	0	38.8000000000000
35730.7856640312	0	38.7800000000000
35760.7854717643	0	38.7600000000000
35790.7852801261	0	38.7800000000000
35820.7850878592	0	38.8000000000000
35850.7848955923	0	38.7800000000000
35880.7847039541	0	38.7800000000000
35910.7845116872	0	38.7200000000000
35940.7843200489	0	38.7200000000000
35970.7841277820	0	38.7000000000000
36000.7839361438	0	38.7000000000000
36030.7846076320	0	38.7000000000000
36060.7844159938	0	38.6800000000000
36090.7842237269	0	38.6600000000000
36120.7840320887	0	38.6200000000000
36150.7838398218	0	38.6000000000000
36180.7836475549	0	38.6400000000000
36210.7834559166	0	38.7000000000000
36240.7832636497	0	38.6600000000000
36270.7830720115	0	38.6400000000000
36300.7828797446	0	38.6400000000000
36330.7826881064	0	38.6000000000000
36360.7824958395	0	38.6400000000000
36390.7823035726	0	38.6200000000000
36420.7821119343	0	38.6200000000000
36450.7819196674	0	38.6000000000000
36480.7817280292	0	38.6000000000000
36510.7815357623	0	38.6000000000000